nf,,,,,51.621244,-115.608378,2298.0,,,,,16.0,342.0,,,,,20
nf,,,,,51.621244,-115.608378,2287.0,,,,,24.0,324.0,,,,,20
nf,,,,,51.621244,-115.608378,2274.0,,,,,32.0,308.0,,,,,20
nf,,,,,51.621244,-115.608378,2254.0,,,,,41.0,298.0,,,,,20
nf,,,,,51.621244,-115.608378,2224.0,,,,,42.0,305.0,,,,,20
nf,,,,,51.621244,-115.608378,2195.0,,,,,44.0,315.0,,,,,20
nf,,,,,51.621244,-115.608378,2184.0,,,,,45.0,312.0,,,,,20
nf,,,,,51.621244,-115.608378,2202.0,,,,,19.0,45.0,,,,,20
nf,,,,,51.621244,-115.608378,2242.0,,,,,65.0,91.0,,,,,20
nf,,,,,51.621244,-115.608378,2272.0,,,,,42.0,93.0,,,,,20
nf,,,,,51.621244,-115.608378,2298.0,,,,,16.0,86.0,,,,,20
nf,,,,,51.621244,-115.608378,2327.0,,,,,24.0,86.0,,,,,20
o1a,,,,,51.621244,-115.608378,2332.0,,,,,27.0,85.0,,,0.35,60.0,20
nf,,,,,51.621244,-115.608378,2291.0,,,,,19.0,84.0,,,,,20
nf,,,,,51.621244,-115.608378,2243.0,,,,,3.0,153.0,,,,,20
nf,,,,,51.621244,-115.608378,2202.0,,,,,9.0,217.0,,,,,20
c1,,,,,51.621244,-115.608378,2159.0,,,,,6.0,123.0,,,0.75,,20
c1,,,,,51.621244,-115.608378,2132.0,,,,,8.0,91.0,,,0.75,,20
c1,,,,,51.621244,-115.608378,2114.0,,,,,7.0,162.0,,,0.75,,20
c2,,,,,51.621244,-115.608378,2118.0,,,,,16.0,183.0,,,0.8,,20
c2,,,,,51.621244,-115.608378,2138.0,,,,,40.0,345.0,,,0.8,,20
c2,,,,,51.621244,-115.608378,2144.0,,,,,52.0,335.0,,,0.8,,20
c2,,,,,51.621244,-115.608378,2163.0,,,,,60.0,334.0,,,0.8,,20
nf,,,,,51.621244,-115.608378,2198.0,,,,,67.0,327.0,,,,,20
nf,,,,,51.621244,-115.608378,2234.0,,,,,69.0,325.0,,,,,20
nf,,,,,51.621244,-115.608378,2259.0,,,,,66.0,329.0,,,,,20
nf,,,,,51.621244,-115.608378,2290.0,,,,,47.0,338.0,,,,,20
nf,,,,,51.621244,-115.608378,2335.0,,,,,44.0,65.0,,,,,20
nf,,,,,51.621244,-115.608378,2286.0,,,,,73.0,90.0,,,,,20
nf,,,,,51.621244,-115.608378,2212.0,,,,,38.0,97.0,,,,,20
c1,,,,,51.621244,-115.608378,2195.0,,,,,16.0,102.0,,,0.75,,20
c1,,,,,51.621244,-115.608378,2178.0,,,,,23.0,95.0,,,0.75,,20
c2,,,,,51.621244,-115.608378,2147.0,,,,,25.0,89.0,,,0.8,,20
c2,,,,,51.621244,-115.608378,2123.0,,,,,20.0,87.0,,,0.8,,20
o1a,,,,,51.621244,-115.608378,2110.0,,,,,12.0,116.0,,,0.35,60.0,20
c2,,,,,51.621244,-115.608378,2128.0,,,,,14.0,188.0,,,0.8,,20
c2,,,,,51.621244,-115.608378,2122.0,,,,,12.0,203.0,,,0.8,,20
c2,,,,,51.621244,-115.608378,2109.0,,,,,6.0,110.0,,,0.8,,20
c2,,,,,51.621244,-115.608378,2108.0,,,,,10.0,95.0,,,0.8,,20
c2,,,,,51.621244,-115.608378,2116.0,,,,,7.0,144.0,,,0.8,,20
o1a,,,,,51.621244,-115.608378,2384.0,,,,,61.0,346.0,,,0.35,60.0,20
o1a,,,,,51.621244,-115.608378,2372.0,,,,,69.0,335.0,,,0.35,60.0,20
nf,,,,,51.621244,-115.608378,2348.0,,,,,72.0,335.0,,,,,20
nf,,,,,51.621244,-115.608378,2321.0,,,,,68.0,332.0,,,,,20
o1a,,,,,51.621244,-115.608378,2294.0,,,,,53.0,327.0,,,0.35,60.0,20
o1a,,,,,51.621244,-115.608378,2264.0,,,,,32.0,318.0,,,0.35,60.0,20
nf,,,,,51.621244,-115.608378,2246.0,,,,,5.0,33.0,,,,,20
nf,,,,,51.621244,-115.608378,2266.0,,,,,58.0,97.0,,,,,20
nf,,,,,51.621244,-115.608378,2310.0,,,,,79.0,97.0,,,,,20
nf,,,,,51.621244,-115.608378,2346.0,,,,,39.0,105.0,,,,,20
o1a,,,,,51.621244,-115.608378,2362.0,,,,,18.0,126.0,,,0.35,60.0,20
o1a,,,,,51.621244,-115.608378,2377.0,,,,,23.0,114.0,,,0.35,60.0,20
o1a,,,,,51.621244,-115.608378,2369.0,,,,,24.0,109.0,,,0.35,60.0,20
o1a,,,,,51.621244,-115.608378,2333.0,,,,,18.0,103.0,,,0.35,60.0,20
nf,,,,,51.621244,-115.608378,2288.0,,,,,17.0,95.0,,,,,20
nf,,,,,51.621244,-115.608378,2234.0,,,,,10.0,136.0,,,,,20
nf,,,,,51.621244,-115.608378,2191.0,,,,,18.0,206.0,,,,,20
c1,,,,,51.621244,-115.608378,2164.0,,,,,12.0,204.0,,,0.75,,20
nf,,,,,51.621244,-115.608378,2137.0,,,,,6.0,56.0,,,,,20
c2,,,,,51.621244,-115.608378,2140.0,,,,,15.0,17.0,,,0.8,,20
nf,,,,,51.621244,-115.608378,2166.0,,,,,60.0,347.0,,,,,20
nf,,,,,51.621244,-115.608378,2188.0,,,,,55.0,334.0,,,,,20
nf,,,,,51.621244,-115.608378,2207.0,,,,,40.0,328.0,,,,,20
nf,,,,,51.621244,-115.608378,2231.0,,,,,24.0,315.0,,,,,20
nf,,,,,51.621244,-115.608378,2284.0,,,,,11.0,272.0,,,,,20
nf,,,,,51.621244,-115.608378,2323.0,,,,,13.0,207.0,,,,,20
nf,,,,,51.621244,-115.608378,2366.0,,,,,24.0,142.0,,,,,20
nf,,,,,51.621244,-115.608378,2363.0,,,,,67.0,111.0,,,,,20
nf,,,,,51.621244,-115.608378,2265.0,,,,,80.0,108.0,,,,,20
nf,,,,,51.621244,-115.608378,2210.0,,,,,41.0,120.0,,,,,20
nf,,,,,51.621244,-115.608378,2200.0,,,,,20.0,142.0,,,,,20
c1,,,,,51.621244,-115.608378,2179.0,,,,,23.0,123.0,,,0.75,,20
c2,,,,,51.621244,-115.608378,2152.0,,,,,22.0,116.0,,,0.8,,20
c2,,,,,51.621244,-115.608378,2128.0,,,,,13.0,113.0,,,0.8,,20
c2,,,,,51.621244,-115.608378,2109.0,,,,,13.0,86.0,,,0.8,,20
c2,,,,,51.621244,-115.608378,2101.0,,,,,15.0,83.0,,,0.8,,20
c2,,,,,51.621244,-115.608378,2118.0,,,,,9.0,164.0,,,0.8,,20
c2,,,,,51.621244,-115.608378,2117.0,,,,,21.0,210.0,,,0.8,,20
c2,,,,,51.621244,-115.608378,2094.0,,,,,16.0,213.0,,,0.8,,20
c2,,,,,51.621244,-115.608378,2078.0,,,,,4.0,209.0,,,0.8,,20
o1a,,,,,51.621244,-115.608378,2412.0,,,,,15.0,334.0,,,0.35,60.0,20
o1a,,,,,51.621244,-115.608378,2414.0,,,,,11.0,286.0,,,0.35,60.0,20
o1a,,,,,51.621244,-115.608378,2408.0,,,,,11.0,221.0,,,0.35,60.0,20
o1a,,,,,51.621244,-115.608378,2385.0,,,,,17.0,198.0,,,0.35,60.0,20
nf,,,,,51.621244,-115.608378,2355.0,,,,,19.0,190.0,,,,,20
nf,,,,,51.621244,-115.608378,2331.0,,,,,17.0,188.0,,,,,20
o1a,,,,,51.621244,-115.608378,2322.0,,,,,27.0,132.0,,,0.35,60.0,20
o1a,,,,,51.621244,-115.608378,2336.0,,,,,72.0,109.0,,,0.35,60.0,20
o1a,,,,,51.621244,-115.608378,2360.0,,,,,77.0,109.0,,,0.35,60.0,20
o1a,,,,,51.621244,-115.608378,2377.0,,,,,35.0,123.0,,,0.35,60.0,20
o1a,,,,,51.621244,-115.608378,2387.0,,,,,17.0,147.0,,,0.35,60.0,20
o1a,,,,,51.621244,-115.608378,2389.0,,,,,20.0,126.0,,,0.35,60.0,20
o1a,,,,,51.621244,-115.608378,2378.0,,,,,17.0,117.0,,,0.35,60.0,20
o1a,,,,,51.621244,-115.608378,2360.0,,,,,9.0,115.0,,,0.35,60.0,20
o1a,,,,,51.621244,-115.608378,2332.0,,,,,9.0,103.0,,,0.35,60.0,20
nf,,,,,51.621244,-115.608378,2286.0,,,,,15.0,86.0,,,,,20
nf,,,,,51.621244,-115.608378,2233.0,,,,,14.0,94.0,,,,,20
nf,,,,,51.621244,-115.608378,2196.0,,,,,12.0,190.0,,,,,20
nf,,,,,51.621244,-115.608378,2179.0,,,,,24.0,211.0,,,,,20
nf,,,,,51.621244,-115.608378,2188.0,,,,,23.0,197.0,,,,,20
nf,,,,,51.621244,-115.608378,2211.0,,,,,16.0,185.0,,,,,20
nf,,,,,51.621244,-115.608378,2241.0,,,,,18.0,189.0,,,,,20
nf,,,,,51.621244,-115.608378,2277.0,,,,,18.0,191.0,,,,,20
nf,,,,,51.621244,-115.608378,2312.0,,,,,15.0,195.0,,,,,20
nf,,,,,51.621244,-115.608378,2348.0,,,,,14.0,199.0,,,,,20
o1a,,,,,51.621244,-115.608378,2379.0,,,,,13.0,191.0,,,0.35,60.0,20
o1a,,,,,51.621244,-115.608378,2394.0,,,,,28.0,122.0,,,0.35,60.0,20
o1a,,,,,51.621244,-115.608378,2364.0,,,,,73.0,103.0,,,0.35,60.0,20
nf,,,,,51.621244,-115.608378,2273.0,,,,,69.0,101.0,,,,,20
nf,,,,,51.621244,-115.608378,2202.0,,,,,25.0,111.0,,,,,20
nf,,,,,51.621244,-115.608378,2189.0,,,,,12.0,130.0,,,,,20
c1,,,,,51.621244,-115.608378,2171.0,,,,,18.0,120.0,,,0.75,,20
c1,,,,,51.621244,-115.608378,2149.0,,,,,15.0,129.0,,,0.75,,20
c2,,,,,51.621244,-115.608378,2127.0,,,,,10.0,138.0,,,0.8,,20
c2,,,,,51.621244,-115.608378,2107.0,,,,,9.0,131.0,,,0.8,,20
c2,,,,,51.621244,-115.608378,2086.0,,,,,12.0,109.0,,,0.8,,20
c2,,,,,51.621244,-115.608378,2094.0,,,,,18.0,97.0,,,0.8,,20
c2,,,,,51.621244,-115.608378,2113.0,,,,,12.0,126.0,,,0.8,,20
c2,,,,,51.621244,-115.608378,2111.0,,,,,18.0,199.0,,,0.8,,20
c2,,,,,51.621244,-115.608378,2098.0,,,,,24.0,195.0,,,0.8,,20
o1a,,,,,51.621244,-115.608378,2395.0,,,,,12.0,183.0,,,0.35,60.0,20
o1a,,,,,51.621244,-115.608378,2399.0,,,,,12.0,193.0,,,0.35,60.0,20
o1a,,,,,51.621244,-115.608378,2404.0,,,,,12.0,202.0,,,0.35,60.0,20
o1a,,,,,51.621244,-115.608378,2403.0,,,,,12.0,203.0,,,0.35,60.0,20
o1a,,,,,51.621244,-115.608378,2397.0,,,,,13.0,202.0,,,0.35,60.0,20
o1a,,,,,51.621244,-115.608378,2383.0,,,,,12.0,187.0,,,0.35,60.0,20
o1a,,,,,51.621244,-115.608378,2367.0,,,,,26.0,115.0,,,0.35,60.0,20
o1a,,,,,51.621244,-115.608378,2363.0,,,,,67.0,95.0,,,0.35,60.0,20
o1a,,,,,51.621244,-115.608378,2372.0,,,,,66.0,92.0,,,0.35,60.0,20
o1a,,,,,51.621244,-115.608378,2380.0,,,,,24.0,103.0,,,0.35,60.0,20
o1a,,,,,51.621244,-115.608378,2387.0,,,,,13.0,128.0,,,0.35,60.0,20
o1a,,,,,51.621244,-115.608378,2386.0,,,,,18.0,115.0,,,0.35,60.0,20
o1a,,,,,51.621244,-115.608378,2379.0,,,,,15.0,125.0,,,0.35,60.0,20
o1a,,,,,51.621244,-115.608378,2369.0,,,,,11.0,147.0,,,0.35,60.0,20
o1a,,,,,51.621244,-115.608378,2351.0,,,,,11.0,146.0,,,0.35,60.0,20
o1a,,,,,51.621244,-115.608378,2324.0,,,,,13.0,129.0,,,0.35,60.0,20
o1a,,,,,51.621244,-115.608378,2287.0,,,,,17.0,111.0,,,0.35,60.0,20
nf,,,,,51.621244,-115.608378,2258.0,,,,,15.0,107.0,,,,,20
nf,,,,,51.621244,-115.608378,2257.0,,,,,9.0,164.0,,,,,20
nf,,,,,51.621244,-115.608378,2264.0,,,,,16.0,188.0,,,,,20
nf,,,,,51.621244,-115.608378,2284.0,,,,,30.0,184.0,,,,,20
nf,,,,,51.621244,-115.608378,2314.0,,,,,27.0,193.0,,,,,20
nf,,,,,51.621244,-115.608378,2341.0,,,,,21.0,200.0,,,,,20
nf,,,,,51.621244,-115.608378,2364.0,,,,,17.0,200.0,,,,,20
o1a,,,,,51.621244,-115.608378,2374.0,,,,,15.0,201.0,,,0.35,60.0,20
o1a,,,,,51.621244,-115.608378,2372.0,,,,,12.0,191.0,,,0.35,60.0,20
o1a,,,,,51.621244,-115.608378,2372.0,,,,,22.0,114.0,,,0.35,60.0,20
o1a,,,,,51.621244,-115.608378,2338.0,,,,,61.0,94.0,,,0.35,60.0,20
nf,,,,,51.621244,-115.608378,2248.0,,,,,67.0,92.0,,,,,20
nf,,,,,51.621244,-115.608378,2187.0,,,,,30.0,102.0,,,,,20
o1a,,,,,51.621244,-115.608378,2176.0,,,,,13.0,134.0,,,0.35,60.0,20
o1a,,,,,51.621244,-115.608378,2161.0,,,,,16.0,118.0,,,0.35,60.0,20
o1a,,,,,51.621244,-115.608378,2133.0,,,,,15.0,114.0,,,0.35,60.0,20
c2,,,,,51.621244,-115.608378,2118.0,,,,,10.0,136.0,,,0.8,,20
c2,,,,,51.621244,-115.608378,2113.0,,,,,11.0,147.0,,,0.8,,20
c2,,,,,51.621244,-115.608378,2091.0,,,,,14.0,135.0,,,0.8,,20
c2,,,,,51.621244,-115.608378,2074.0,,,,,17.0,126.0,,,0.8,,20
o1a,,,,,51.621244,-115.608378,2086.0,,,,,15.0,119.0,,,0.35,60.0,20
c2,,,,,51.621244,-115.608378,2107.0,,,,,10.0,133.0,,,0.8,,20
c2,,,,,51.621244,-115.608378,2112.0,,,,,9.0,168.0,,,0.8,,20
o1a,,,,,51.621244,-115.608378,2375.0,,,,,64.0,183.0,,,0.35,60.0,20
o1a,,,,,51.621244,-115.608378,2379.0,,,,,61.0,192.0,,,0.35,60.0,20
o1a,,,,,51.621244,-115.608378,2384.0,,,,,53.0,198.0,,,0.35,60.0,20
o1a,,,,,51.621244,-115.608378,2390.0,,,,,40.0,200.0,,,0.35,60.0,20
o1a,,,,,51.621244,-115.608378,2392.0,,,,,28.0,205.0,,,0.35,60.0,20
o1a,,,,,51.621244,-115.608378,2391.0,,,,,17.0,204.0,,,0.35,60.0,20
o1a,,,,,51.621244,-115.608378,2385.0,,,,,18.0,121.0,,,0.35,60.0,20
o1a,,,,,51.621244,-115.608378,2373.0,,,,,56.0,94.0,,,0.35,60.0,20
o1a,,,,,51.621244,-115.608378,2370.0,,,,,67.0,91.0,,,0.35,60.0,20
o1a,,,,,51.621244,-115.608378,2374.0,,,,,36.0,97.0,,,0.35,60.0,20
o1a,,,,,51.621244,-115.608378,2377.0,,,,,15.0,131.0,,,0.35,60.0,20
o1a,,,,,51.621244,-115.608378,2378.0,,,,,15.0,131.0,,,0.35,60.0,20
o1a,,,,,51.621244,-115.608378,2373.0,,,,,16.0,123.0,,,0.35,60.0,20
o1a,,,,,51.621244,-115.608378,2366.0,,,,,13.0,136.0,,,0.35,60.0,20
o1a,,,,,51.621244,-115.608378,2352.0,,,,,13.0,147.0,,,0.35,60.0,20
o1a,,,,,51.621244,-115.608378,2335.0,,,,,16.0,138.0,,,0.35,60.0,20
o1a,,,,,51.621244,-115.608378,2325.0,,,,,18.0,133.0,,,0.35,60.0,20
o1a,,,,,51.621244,-115.608378,2318.0,,,,,18.0,137.0,,,0.35,60.0,20
o1a,,,,,51.621244,-115.608378,2317.0,,,,,14.0,149.0,,,0.35,60.0,20
o1a,,,,,51.621244,-115.608378,2323.0,,,,,9.0,172.0,,,0.35,60.0,20
nf,,,,,51.621244,-115.608378,2334.0,,,,,60.0,182.0,,,,,20
nf,,,,,51.621244,-115.608378,2345.0,,,,,66.0,191.0,,,,,20
nf,,,,,51.621244,-115.608378,2347.0,,,,,71.0,198.0,,,,,20
nf,,,,,51.621244,-115.608378,2346.0,,,,,67.0,202.0,,,,,20
nf,,,,,51.621244,-115.608378,2347.0,,,,,55.0,209.0,,,,,20
nf,,,,,51.621244,-115.608378,2351.0,,,,,36.0,213.0,,,,,20
o1a,,,,,51.621244,-115.608378,2355.0,,,,,15.0,155.0,,,0.35,60.0,20
o1a,,,,,51.621244,-115.608378,2313.0,,,,,47.0,92.0,,,0.35,60.0,20
nf,,,,,51.621244,-115.608378,2218.0,,,,,66.0,86.0,,,,,20
nf,,,,,51.621244,-115.608378,2162.0,,,,,45.0,90.0,,,,,20
o1a,,,,,51.621244,-115.608378,2156.0,,,,,20.0,120.0,,,0.35,60.0,20
o1a,,,,,51.621244,-115.608378,2147.0,,,,,19.0,144.0,,,0.35,60.0,20
c2,,,,,51.621244,-115.608378,2126.0,,,,,19.0,141.0,,,0.8,,20
c2,,,,,51.621244,-115.608378,2116.0,,,,,18.0,144.0,,,0.8,,20
c3,,,,,51.621244,-115.608378,2108.0,,,,,17.0,151.0,,,1.15,,20
c2,,,,,51.621244,-115.608378,2101.0,,,,,17.0,145.0,,,0.8,,20
c2,,,,,51.621244,-115.608378,2076.0,,,,,18.0,135.0,,,0.8,,20
c2,,,,,51.621244,-115.608378,2064.0,,,,,18.0,133.0,,,0.8,,20
o1a,,,,,51.621244,-115.608378,2080.0,,,,,13.0,155.0,,,0.35,60.0,20
c2,,,,,51.621244,-115.608378,2099.0,,,,,12.0,183.0,,,0.8,,20
o1a,,,,,51.621244,-115.608378,2351.0,,,,,25.0,172.0,,,0.35,60.0,20
o1a,,,,,51.621244,-115.608378,2355.0,,,,,36.0,185.0,,,0.35,60.0,20
o1a,,,,,51.621244,-115.608378,2362.0,,,,,51.0,200.0,,,0.35,60.0,20
o1a,,,,,51.621244,-115.608378,2370.0,,,,,62.0,208.0,,,0.35,60.0,20
o1a,,,,,51.621244,-115.608378,2375.0,,,,,66.0,215.0,,,0.35,60.0,20
o1a,,,,,51.621244,-115.608378,2380.0,,,,,57.0,218.0,,,0.35,60.0,20
o1a,,,,,51.621244,-115.608378,2384.0,,,,,28.0,205.0,,,0.35,60.0,20
o1a,,,,,51.621244,-115.608378,2376.0,,,,,33.0,96.0,,,0.35,60.0,20
o1a,,,,,51.621244,-115.608378,2366.0,,,,,66.0,85.0,,,0.35,60.0,20
o1a,,,,,51.621244,-115.608378,2363.0,,,,,57.0,92.0,,,0.35,60.0,20
o1a,,,,,51.621244,-115.608378,2367.0,,,,,31.0,117.0,,,0.35,60.0,20
o1a,,,,,51.621244,-115.608378,2369.0,,,,,21.0,149.0,,,0.35,60.0,20
o1a,,,,,51.621244,-115.608378,2366.0,,,,,20.0,148.0,,,0.35,60.0,20
o1a,,,,,51.621244,-115.608378,2360.0,,,,,19.0,145.0,,,0.35,60.0,20
o1a,,,,,51.621244,-115.608378,2348.0,,,,,17.0,150.0,,,0.35,60.0,20
o1a,,,,,51.621244,-115.608378,2334.0,,,,,17.0,149.0,,,0.35,60.0,20
o1a,,,,,51.621244,-115.608378,2323.0,,,,,18.0,142.0,,,0.35,60.0,20
o1a,,,,,51.621244,-115.608378,2321.0,,,,,16.0,135.0,,,0.35,60.0,20
o1a,,,,,51.621244,-115.608378,2321.0,,,,,12.0,152.0,,,0.35,60.0,20
o1a,,,,,51.621244,-115.608378,2320.0,,,,,12.0,180.0,,,0.35,60.0,20
o1a,,,,,51.621244,-115.608378,2319.0,,,,,20.0,33.0,,,0.35,60.0,20
o1a,,,,,51.621244,-115.608378,2319.0,,,,,15.0,83.0,,,0.35,60.0,20
nf,,,,,51.621244,-115.608378,2322.0,,,,,19.0,193.0,,,,,20
nf,,,,,51.621244,-115.608378,2328.0,,,,,39.0,216.0,,,,,20
nf,,,,,51.621244,-115.608378,2333.0,,,,,54.0,220.0,,,,,20
o1a,,,,,51.621244,-115.608378,2339.0,,,,,63.0,222.0,,,0.35,60.0,20
nf,,,,,51.621244,-115.608378,2339.0,,,,,51.0,223.0,,,,,20
o1a,,,,,51.621244,-115.608378,2285.0,,,,,16.0,142.0,,,0.35,60.0,20
nf,,,,,51.621244,-115.608378,2190.0,,,,,65.0,88.0,,,,,20
nf,,,,,51.621244,-115.608378,2152.0,,,,,71.0,93.0,,,,,20
o1a,,,,,51.621244,-115.608378,2149.0,,,,,36.0,111.0,,,0.35,60.0,20
o1a,,,,,51.621244,-115.608378,2132.0,,,,,16.0,146.0,,,0.35,60.0,20
c2,,,,,51.621244,-115.608378,2118.0,,,,,14.0,141.0,,,0.8,,20
c2,,,,,51.621244,-115.608378,2113.0,,,,,16.0,136.0,,,0.8,,20
c3,,,,,51.621244,-115.608378,2104.0,,,,,16.0,144.0,,,1.15,,20
c2,,,,,51.621244,-115.608378,2096.0,,,,,17.0,146.0,,,0.8,,20
c2,,,,,51.621244,-115.608378,2080.0,,,,,16.0,147.0,,,0.8,,20
c2,,,,,51.621244,-115.608378,2060.0,,,,,15.0,140.0,,,0.8,,20
c2,,,,,51.621244,-115.608378,2057.0,,,,,13.0,150.0,,,0.8,,20
c2,,,,,51.621244,-115.608378,2069.0,,,,,12.0,177.0,,,0.8,,20
o1a,,,,,51.621244,-115.608378,2320.0,,,,,44.0,27.0,,,0.35,60.0,20
o1a,,,,,51.621244,-115.608378,2326.0,,,,,44.0,58.0,,,0.35,60.0,20
o1a,,,,,51.621244,-115.608378,2339.0,,,,,17.0,93.0,,,0.35,60.0,20
o1a,,,,,51.621244,-115.608378,2351.0,,,,,24.0,205.0,,,0.35,60.0,20
o1a,,,,,51.621244,-115.608378,2357.0,,,,,43.0,217.0,,,0.35,60.0,20
o1a,,,,,51.621244,-115.608378,2365.0,,,,,57.0,223.0,,,0.35,60.0,20
o1a,,,,,51.621244,-115.608378,2372.0,,,,,63.0,229.0,,,0.35,60.0,20
o1a,,,,,51.621244,-115.608378,2370.0,,,,,29.0,214.0,,,0.35,60.0,20
o1a,,,,,51.621244,-115.608378,2361.0,,,,,55.0,92.0,,,0.35,60.0,20
o1a,,,,,51.621244,-115.608378,2356.0,,,,,81.0,87.0,,,0.35,60.0,20
o1a,,,,,51.621244,-115.608378,2357.0,,,,,40.0,94.0,,,0.35,60.0,20
o1a,,,,,51.621244,-115.608378,2359.0,,,,,11.0,132.0,,,0.35,60.0,20
o1a,,,,,51.621244,-115.608378,2358.0,,,,,13.0,135.0,,,0.35,60.0,20
o1a,,,,,51.621244,-115.608378,2352.0,,,,,15.0,129.0,,,0.35,60.0,20
o1a,,,,,51.621244,-115.608378,2337.0,,,,,15.0,134.0,,,0.35,60.0,20
o1a,,,,,51.621244,-115.608378,2326.0,,,,,14.0,139.0,,,0.35,60.0,20
o1a,,,,,51.621244,-115.608378,2314.0,,,,,12.0,142.0,,,0.35,60.0,20
o1a,,,,,51.621244,-115.608378,2304.0,,,,,15.0,138.0,,,0.35,60.0,20
o1a,,,,,51.621244,-115.608378,2302.0,,,,,14.0,150.0,,,0.35,60.0,20
o1a,,,,,51.621244,-115.608378,2301.0,,,,,12.0,178.0,,,0.35,60.0,20
o1a,,,,,51.621244,-115.608378,2304.0,,,,,37.0,43.0,,,0.35,60.0,20
o1a,,,,,51.621244,-115.608378,2306.0,,,,,58.0,68.0,,,0.35,60.0,20
nf,,,,,51.621244,-115.608378,2310.0,,,,,40.0,80.0,,,,,20
o1a,,,,,51.621244,-115.608378,2316.0,,,,,16.0,149.0,,,0.35,60.0,20
nf,,,,,51.621244,-115.608378,2321.0,,,,,34.0,209.0,,,,,20
o1a,,,,,51.621244,-115.608378,2326.0,,,,,50.0,224.0,,,0.35,60.0,20
o1a,,,,,51.621244,-115.608378,2323.0,,,,,63.0,233.0,,,0.35,60.0,20
o1a,,,,,51.621244,-115.608378,2277.0,,,,,49.0,231.0,,,0.35,60.0,20
nf,,,,,51.621244,-115.608378,2189.0,,,,,36.0,105.0,,,,,20
o1a,,,,,51.621244,-115.608378,2146.0,,,,,83.0,88.0,,,0.35,60.0,20
c2,,,,,51.621244,-115.608378,2143.0,,,,,49.0,93.0,,,0.8,,20
c2,,,,,51.621244,-115.608378,2125.0,,,,,17.0,130.0,,,0.8,,20
c2,,,,,51.621244,-115.608378,2107.0,,,,,15.0,147.0,,,0.8,,20
c3,,,,,51.621244,-115.608378,2099.0,,,,,16.0,135.0,,,1.15,,20
c3,,,,,51.621244,-115.608378,2096.0,,,,,17.0,133.0,,,1.15,,20
c3,,,,,51.621244,-115.608378,2089.0,,,,,14.0,146.0,,,1.15,,20
c2,,,,,51.621244,-115.608378,2078.0,,,,,13.0,146.0,,,0.8,,20
c2,,,,,51.621244,-115.608378,2053.0,,,,,18.0,133.0,,,0.8,,20
c2,,,,,51.621244,-115.608378,2040.0,,,,,16.0,151.0,,,0.8,,20
c2,,,,,51.621244,-115.608378,2050.0,,,,,13.0,184.0,,,0.8,,20
c1,,,,,51.621244,-115.608378,2294.0,,,,,25.0,84.0,,,0.75,,20
c1,,,,,51.621244,-115.608378,2301.0,,,,,59.0,85.0,,,0.75,,20
o1a,,,,,51.621244,-115.608378,2313.0,,,,,51.0,86.0,,,0.35,60.0,20
o1a,,,,,51.621244,-115.608378,2326.0,,,,,24.0,100.0,,,0.35,60.0,20
o1a,,,,,51.621244,-115.608378,2337.0,,,,,18.0,193.0,,,0.35,60.0,20
o1a,,,,,51.621244,-115.608378,2349.0,,,,,41.0,225.0,,,0.35,60.0,20
o1a,,,,,51.621244,-115.608378,2359.0,,,,,59.0,232.0,,,0.35,60.0,20
o1a,,,,,51.621244,-115.608378,2361.0,,,,,61.0,232.0,,,0.35,60.0,20
o1a,,,,,51.621244,-115.608378,2355.0,,,,,30.0,152.0,,,0.35,60.0,20
o1a,,,,,51.621244,-115.608378,2350.0,,,,,76.0,97.0,,,0.35,60.0,20
o1a,,,,,51.621244,-115.608378,2349.0,,,,,57.0,95.0,,,0.35,60.0,20
o1a,,,,,51.621244,-115.608378,2350.0,,,,,19.0,119.0,,,0.35,60.0,20
o1a,,,,,51.621244,-115.608378,2350.0,,,,,9.0,150.0,,,0.35,60.0,20
o1a,,,,,51.621244,-115.608378,2342.0,,,,,14.0,117.0,,,0.35,60.0,20
o1a,,,,,51.621244,-115.608378,2325.0,,,,,19.0,123.0,,,0.35,60.0,20
o1a,,,,,51.621244,-115.608378,2312.0,,,,,18.0,148.0,,,0.35,60.0,20
o1a,,,,,51.621244,-115.608378,2299.0,,,,,17.0,158.0,,,0.35,60.0,20
o1a,,,,,51.621244,-115.608378,2291.0,,,,,20.0,137.0,,,0.35,60.0,20
o1a,,,,,51.621244,-115.608378,2293.0,,,,,16.0,151.0,,,0.35,60.0,20
o1a,,,,,51.621244,-115.608378,2293.0,,,,,13.0,189.0,,,0.35,60.0,20
o1a,,,,,51.621244,-115.608378,2293.0,,,,,28.0,125.0,,,0.35,60.0,20
o1a,,,,,51.621244,-115.608378,2296.0,,,,,56.0,102.0,,,0.35,60.0,20
o1a,,,,,51.621244,-115.608378,2300.0,,,,,49.0,95.0,,,0.35,60.0,20
nf,,,,,51.621244,-115.608378,2304.0,,,,,29.0,90.0,,,,,20
nf,,,,,51.621244,-115.608378,2308.0,,,,,9.0,122.0,,,,,20
nf,,,,,51.621244,-115.608378,2314.0,,,,,25.0,225.0,,,,,20
o1a,,,,,51.621244,-115.608378,2312.0,,,,,50.0,231.0,,,0.35,60.0,20
o1a,,,,,51.621244,-115.608378,2273.0,,,,,61.0,227.0,,,0.35,60.0,20
nf,,,,,51.621244,-115.608378,2191.0,,,,,41.0,180.0,,,,,20
nf,,,,,51.621244,-115.608378,2138.0,,,,,62.0,113.0,,,,,20
o1a,,,,,51.621244,-115.608378,2130.0,,,,,56.0,99.0,,,0.35,60.0,20
o1a,,,,,51.621244,-115.608378,2118.0,,,,,18.0,106.0,,,0.35,60.0,20
c2,,,,,51.621244,-115.608378,2101.0,,,,,4.0,169.0,,,0.8,,20
c3,,,,,51.621244,-115.608378,2090.0,,,,,14.0,103.0,,,1.15,,20
c2,,,,,51.621244,-115.608378,2087.0,,,,,22.0,104.0,,,0.8,,20
c3,,,,,51.621244,-115.608378,2078.0,,,,,18.0,128.0,,,1.15,,20
c2,,,,,51.621244,-115.608378,2066.0,,,,,17.0,155.0,,,0.8,,20
c2,,,,,51.621244,-115.608378,2054.0,,,,,21.0,143.0,,,0.8,,20
c2,,,,,51.621244,-115.608378,2044.0,,,,,15.0,158.0,,,0.8,,20
c2,,,,,51.621244,-115.608378,2031.0,,,,,12.0,195.0,,,0.8,,20
o1a,,,,,51.621244,-115.608378,2270.0,,,,,20.0,97.0,,,0.35,60.0,20
c1,,,,,51.621244,-115.608378,2278.0,,,,,45.0,82.0,,,0.75,,20
o1a,,,,,51.621244,-115.608378,2289.0,,,,,46.0,73.0,,,0.35,60.0,20
o1a,,,,,51.621244,-115.608378,2302.0,,,,,34.0,71.0,,,0.35,60.0,20
o1a,,,,,51.621244,-115.608378,2314.0,,,,,18.0,81.0,,,0.35,60.0,20
o1a,,,,,51.621244,-115.608378,2328.0,,,,,9.0,201.0,,,0.35,60.0,20
o1a,,,,,51.621244,-115.608378,2344.0,,,,,35.0,227.0,,,0.35,60.0,20
o1a,,,,,51.621244,-115.608378,2350.0,,,,,50.0,219.0,,,0.35,60.0,20
o1a,,,,,51.621244,-115.608378,2348.0,,,,,45.0,188.0,,,0.35,60.0,20
o1a,,,,,51.621244,-115.608378,2347.0,,,,,49.0,133.0,,,0.35,60.0,20
o1a,,,,,51.621244,-115.608378,2341.0,,,,,49.0,111.0,,,0.35,60.0,20
o1a,,,,,51.621244,-115.608378,2333.0,,,,,19.0,121.0,,,0.35,60.0,20
o1a,,,,,51.621244,-115.608378,2334.0,,,,,9.0,176.0,,,0.35,60.0,20
o1a,,,,,51.621244,-115.608378,2327.0,,,,,15.0,125.0,,,0.35,60.0,20
o1a,,,,,51.621244,-115.608378,2311.0,,,,,24.0,105.0,,,0.35,60.0,20
o1a,,,,,51.621244,-115.608378,2299.0,,,,,21.0,111.0,,,0.35,60.0,20
o1a,,,,,51.621244,-115.608378,2288.0,,,,,18.0,137.0,,,0.35,60.0,20
o1a,,,,,51.621244,-115.608378,2281.0,,,,,20.0,144.0,,,0.35,60.0,20
o1a,,,,,51.621244,-115.608378,2271.0,,,,,15.0,172.0,,,0.35,60.0,20
o1a,,,,,51.621244,-115.608378,2251.0,,,,,13.0,201.0,,,0.35,60.0,20
nf,,,,,51.621244,-115.608378,2240.0,,,,,19.0,47.0,,,,,20
nf,,,,,51.621244,-115.608378,2251.0,,,,,39.0,52.0,,,,,20
nf,,,,,51.621244,-115.608378,2272.0,,,,,52.0,51.0,,,,,20
o1a,,,,,51.621244,-115.608378,2285.0,,,,,52.0,58.0,,,0.35,60.0,20
nf,,,,,51.621244,-115.608378,2293.0,,,,,33.0,73.0,,,,,20
nf,,,,,51.621244,-115.608378,2300.0,,,,,10.0,123.0,,,,,20
nf,,,,,51.621244,-115.608378,2304.0,,,,,20.0,220.0,,,,,20
o1a,,,,,51.621244,-115.608378,2266.0,,,,,33.0,206.0,,,0.35,60.0,20
nf,,,,,51.621244,-115.608378,2189.0,,,,,44.0,185.0,,,,,20
c1,,,,,51.621244,-115.608378,2131.0,,,,,45.0,154.0,,,0.75,,20
o1a,,,,,51.621244,-115.608378,2118.0,,,,,41.0,129.0,,,0.35,60.0,20
c2,,,,,51.621244,-115.608378,2112.0,,,,,19.0,141.0,,,0.8,,20
o1a,,,,,51.621244,-115.608378,2096.0,,,,,12.0,172.0,,,0.35,60.0,20
c3,,,,,51.621244,-115.608378,2083.0,,,,,15.0,139.0,,,1.15,,20
c2,,,,,51.621244,-115.608378,2077.0,,,,,23.0,114.0,,,0.8,,20
c3,,,,,51.621244,-115.608378,2069.0,,,,,24.0,111.0,,,1.15,,20
c2,,,,,51.621244,-115.608378,2053.0,,,,,21.0,124.0,,,0.8,,20
c2,,,,,51.621244,-115.608378,2041.0,,,,,18.0,140.0,,,0.8,,20
c2,,,,,51.621244,-115.608378,2028.0,,,,,12.0,187.0,,,0.8,,20
c2,,,,,51.621244,-115.608378,2028.0,,,,,12.0,206.0,,,0.8,,20
o1a,,,,,51.621244,-115.608378,2250.0,,,,,15.0,45.0,,,0.35,60.0,20
o1a,,,,,51.621244,-115.608378,2257.0,,,,,25.0,58.0,,,0.35,60.0,20
c1,,,,,51.621244,-115.608378,2267.0,,,,,40.0,62.0,,,0.75,,20
o1a,,,,,51.621244,-115.608378,2280.0,,,,,58.0,69.0,,,0.35,60.0,20
o1a,,,,,51.621244,-115.608378,2291.0,,,,,50.0,77.0,,,0.35,60.0,20
o1a,,,,,51.621244,-115.608378,2297.0,,,,,20.0,96.0,,,0.35,60.0,20
o1a,,,,,51.621244,-115.608378,2314.0,,,,,14.0,191.0,,,0.35,60.0,20
o1a,,,,,51.621244,-115.608378,2332.0,,,,,25.0,179.0,,,0.35,60.0,20
o1a,,,,,51.621244,-115.608378,2341.0,,,,,35.0,174.0,,,0.35,60.0,20
o1a,,,,,51.621244,-115.608378,2344.0,,,,,38.0,165.0,,,0.35,60.0,20
o1a,,,,,51.621244,-115.608378,2340.0,,,,,31.0,149.0,,,0.35,60.0,20
o1a,,,,,51.621244,-115.608378,2331.0,,,,,17.0,161.0,,,0.35,60.0,20
o1a,,,,,51.621244,-115.608378,2320.0,,,,,14.0,168.0,,,0.35,60.0,20
o1a,,,,,51.621244,-115.608378,2311.0,,,,,18.0,148.0,,,0.35,60.0,20
o1a,,,,,51.621244,-115.608378,2299.0,,,,,23.0,128.0,,,0.35,60.0,20
o1a,,,,,51.621244,-115.608378,2288.0,,,,,25.0,116.0,,,0.35,60.0,20
o1a,,,,,51.621244,-115.608378,2280.0,,,,,23.0,117.0,,,0.35,60.0,20
o1a,,,,,51.621244,-115.608378,2261.0,,,,,16.0,133.0,,,0.35,60.0,20
o1a,,,,,51.621244,-115.608378,2224.0,,,,,11.0,198.0,,,0.35,60.0,20
o1a,,,,,51.621244,-115.608378,2185.0,,,,,12.0,201.0,,,0.35,60.0,20
o1a,,,,,51.621244,-115.608378,2164.0,,,,,12.0,71.0,,,0.35,60.0,20
o1a,,,,,51.621244,-115.608378,2171.0,,,,,20.0,85.0,,,0.35,60.0,20
o1a,,,,,51.621244,-115.608378,2198.0,,,,,31.0,87.0,,,0.35,60.0,20
nf,,,,,51.621244,-115.608378,2228.0,,,,,55.0,85.0,,,,,20
nf,,,,,51.621244,-115.608378,2260.0,,,,,57.0,85.0,,,,,20
nf,,,,,51.621244,-115.608378,2283.0,,,,,29.0,90.0,,,,,20
nf,,,,,51.621244,-115.608378,2293.0,,,,,10.0,136.0,,,,,20
o1a,,,,,51.621244,-115.608378,2263.0,,,,,15.0,151.0,,,0.35,60.0,20
nf,,,,,51.621244,-115.608378,2195.0,,,,,16.0,151.0,,,,,20
c1,,,,,51.621244,-115.608378,2129.0,,,,,15.0,154.0,,,0.75,,20
c2,,,,,51.621244,-115.608378,2105.0,,,,,13.0,150.0,,,0.8,,20
c2,,,,,51.621244,-115.608378,2097.0,,,,,8.0,171.0,,,0.8,,20
c3,,,,,51.621244,-115.608378,2084.0,,,,,8.0,149.0,,,1.15,,20
c2,,,,,51.621244,-115.608378,2072.0,,,,,14.0,129.0,,,0.8,,20
c2,,,,,51.621244,-115.608378,2062.0,,,,,17.0,119.0,,,0.8,,20
c2,,,,,51.621244,-115.608378,2053.0,,,,,20.0,107.0,,,0.8,,20
c3,,,,,51.621244,-115.608378,2041.0,,,,,22.0,102.0,,,1.15,,20
c2,,,,,51.621244,-115.608378,2027.0,,,,,13.0,113.0,,,0.8,,20
c2,,,,,51.621244,-115.608378,2014.0,,,,,7.0,212.0,,,0.8,,20
c2,,,,,51.621244,-115.608378,2017.0,,,,,7.0,206.0,,,0.8,,20
c1,,,,,51.621244,-115.608378,2238.0,,,,,,,,,0.75,,20
o1a,,,,,51.621244,-115.608378,2240.0,,,,,,,,,0.35,60.0,20
c1,,,,,51.621244,-115.608378,2248.0,,,,,,,,,0.75,,20
o1a,,,,,51.621244,-115.608378,2259.0,,,,,,,,,0.35,60.0,20
o1a,,,,,51.621244,-115.608378,2262.0,,,,,,,,,0.35,60.0,20
c1,,,,,51.621244,-115.608378,2274.0,,,,,,,,,0.75,,20
o1a,,,,,51.621244,-115.608378,2300.0,,,,,,,,,0.35,60.0,20
o1a,,,,,51.621244,-115.608378,2322.0,,,,,,,,,0.35,60.0,20
o1a,,,,,51.621244,-115.608378,2335.0,,,,,,,,,0.35,60.0,20
o1a,,,,,51.621244,-115.608378,2340.0,,,,,,,,,0.35,60.0,20
o1a,,,,,51.621244,-115.608378,2341.0,,,,,,,,,0.35,60.0,20
o1a,,,,,51.621244,-115.608378,2336.0,,,,,,,,,0.35,60.0,20
o1a,,,,,51.621244,-115.608378,2319.0,,,,,,,,,0.35,60.0,20
o1a,,,,,51.621244,-115.608378,2300.0,,,,,,,,,0.35,60.0,20
o1a,,,,,51.621244,-115.608378,2286.0,,,,,,,,,0.35,60.0,20
o1a,,,,,51.621244,-115.608378,2280.0,,,,,,,,,0.35,60.0,20
o1a,,,,,51.621244,-115.608378,2263.0,,,,,,,,,0.35,60.0,20
o1a,,,,,51.621244,-115.608378,2225.0,,,,,,,,,0.35,60.0,20
o1a,,,,,51.621244,-115.608378,2191.0,,,,,,,,,0.35,60.0,20
o1a,,,,,51.621244,-115.608378,2158.0,,,,,,,,,0.35,60.0,20
c1,,,,,51.621244,-115.608378,2124.0,,,,,,,,,0.75,,20
o1a,,,,,51.621244,-115.608378,2118.0,,,,,,,,,0.35,60.0,20
c1,,,,,51.621244,-115.608378,2132.0,,,,,,,,,0.75,,20
c2,,,,,51.621244,-115.608378,2153.0,,,,,,,,,0.8,,20
o1a,,,,,51.621244,-115.608378,2194.0,,,,,,,,,0.35,60.0,20
o1a,,,,,51.621244,-115.608378,2243.0,,,,,,,,,0.35,60.0,20
nf,,,,,51.621244,-115.608378,2276.0,,,,,,,,,,,20
nf,,,,,51.621244,-115.608378,2264.0,,,,,,,,,,,20
o1a,,,,,51.621244,-115.608378,2205.0,,,,,,,,,0.35,60.0,20
c2,,,,,51.621244,-115.608378,2136.0,,,,,,,,,0.8,,20
c2,,,,,51.621244,-115.608378,2092.0,,,,,,,,,0.8,,20
c2,,,,,51.621244,-115.608378,2076.0,,,,,,,,,0.8,,20
c2,,,,,51.621244,-115.608378,2066.0,,,,,,,,,0.8,,20
c2,,,,,51.621244,-115.608378,2055.0,,,,,,,,,0.8,,20
c2,,,,,51.621244,-115.608378,2043.0,,,,,,,,,0.8,,20
c3,,,,,51.621244,-115.608378,2039.0,,,,,,,,,1.15,,20
c3,,,,,51.621244,-115.608378,2029.0,,,,,,,,,1.15,,20
c2,,,,,51.621244,-115.608378,2015.0,,,,,,,,,0.8,,20
c3,,,,,51.621244,-115.608378,2004.0,,,,,,,,,1.15,,20
c2,,,,,51.621244,-115.608378,2004.0,,,,,,,,,0.8,,20
c1,,,,,51.621244,-115.608378,2233.0,,,,,,,,,0.75,,20
o1a,,,,,51.621244,-115.608378,2232.0,,,,,,,,,0.35,60.0,20
o1a,,,,,51.621244,-115.608378,2233.0,,,,,,,,,0.35,60.0,20
c1,,,,,51.621244,-115.608378,2236.0,,,,,,,,,0.75,,20
c1,,,,,51.621244,-115.608378,2251.0,,,,,,,,,0.75,,20
o1a,,,,,51.621244,-115.608378,2276.0,,,,,,,,,0.35,60.0,20
o1a,,,,,51.621244,-115.608378,2301.0,,,,,,,,,0.35,60.0,20
o1a,,,,,51.621244,-115.608378,2319.0,,,,,,,,,0.35,60.0,20
o1a,,,,,51.621244,-115.608378,2331.0,,,,,,,,,0.35,60.0,20
o1a,,,,,51.621244,-115.608378,2336.0,,,,,,,,,0.35,60.0,20
o1a,,,,,51.621244,-115.608378,2338.0,,,,,,,,,0.35,60.0,20
o1a,,,,,51.621244,-115.608378,2332.0,,,,,,,,,0.35,60.0,20
o1a,,,,,51.621244,-115.608378,2320.0,,,,,,,,,0.35,60.0,20
o1a,,,,,51.621244,-115.608378,2300.0,,,,,,,,,0.35,60.0,20
o1a,,,,,51.621244,-115.608378,2281.0,,,,,,,,,0.35,60.0,20
o1a,,,,,51.621244,-115.608378,2272.0,,,,,,,,,0.35,60.0,20
o1a,,,,,51.621244,-115.608378,2238.0,,,,,,,,,0.35,60.0,20
o1a,,,,,51.621244,-115.608378,2186.0,,,,,,,,,0.35,60.0,20
o1a,,,,,51.621244,-115.608378,2159.0,,,,,,,,,0.35,60.0,20
nf,,,,,51.621244,-115.608378,2146.0,,,,,,,,,,,20
c2,,,,,51.621244,-115.608378,2120.0,,,,,,,,,0.8,,20
c2,,,,,51.621244,-115.608378,2097.0,,,,,,,,,0.8,,20
c2,,,,,51.621244,-115.608378,2096.0,,,,,,,,,0.8,,20
o1a,,,,,51.621244,-115.608378,2117.0,,,,,,,,,0.35,60.0,20
c2,,,,,51.621244,-115.608378,2146.0,,,,,,,,,0.8,,20
c2,,,,,51.621244,-115.608378,2187.0,,,,,,,,,0.8,,20
o1a,,,,,51.621244,-115.608378,2239.0,,,,,,,,,0.35,60.0,20
nf,,,,,51.621244,-115.608378,2264.0,,,,,,,,,,,20
o1a,,,,,51.621244,-115.608378,2215.0,,,,,,,,,0.35,60.0,20
c1,,,,,51.621244,-115.608378,2127.0,,,,,,,,,0.75,,20
nf,,,,,51.621244,-115.608378,2068.0,,,,,,,,,,,20
c2,,,,,51.621244,-115.608378,2057.0,,,,,,,,,0.8,,20
c2,,,,,51.621244,-115.608378,2052.0,,,,,,,,,0.8,,20
c2,,,,,51.621244,-115.608378,2039.0,,,,,,,,,0.8,,20
c2,,,,,51.621244,-115.608378,2033.0,,,,,,,,,0.8,,20
c2,,,,,51.621244,-115.608378,2021.0,,,,,,,,,0.8,,20
c2,,,,,51.621244,-115.608378,2010.0,,,,,,,,,0.8,,20
c3,,,,,51.621244,-115.608378,2005.0,,,,,,,,,1.15,,20
c3,,,,,51.621244,-115.608378,1993.0,,,,,,,,,1.15,,20
c2,,,,,51.621244,-115.608378,1991.0,,,,,,,,,0.8,,20
c2,,,,,51.621244,-115.608378,2221.0,,,,,,,,,0.8,,20
c2,,,,,51.621244,-115.608378,2226.0,,,,,,,,,0.8,,20
o1a,,,,,51.621244,-115.608378,2228.0,,,,,,,,,0.35,60.0,20
o1a,,,,,51.621244,-115.608378,2229.0,,,,,,,,,0.35,60.0,20
c1,,,,,51.621244,-115.608378,2246.0,,,,,,,,,0.75,,20
o1a,,,,,51.621244,-115.608378,2274.0,,,,,,,,,0.35,60.0,20
o1a,,,,,51.621244,-115.608378,2296.0,,,,,,,,,0.35,60.0,20
o1a,,,,,51.621244,-115.608378,2315.0,,,,,,,,,0.35,60.0,20
o1a,,,,,51.621244,-115.608378,2327.0,,,,,,,,,0.35,60.0,20
o1a,,,,,51.621244,-115.608378,2333.0,,,,,,,,,0.35,60.0,20
o1a,,,,,51.621244,-115.608378,2335.0,,,,,,,,,0.35,60.0,20
o1a,,,,,51.621244,-115.608378,2330.0,,,,,,,,,0.35,60.0,20
o1a,,,,,51.621244,-115.608378,2318.0,,,,,,,,,0.35,60.0,20
o1a,,,,,51.621244,-115.608378,2301.0,,,,,,,,,0.35,60.0,20
o1a,,,,,51.621244,-115.608378,2283.0,,,,,,,,,0.35,60.0,20
o1a,,,,,51.621244,-115.608378,2268.0,,,,,,,,,0.35,60.0,20
o1a,,,,,51.621244,-115.608378,2238.0,,,,,,,,,0.35,60.0,20
nf,,,,,51.621244,-115.608378,2195.0,,,,,,,,,,,20
nf,,,,,51.621244,-115.608378,2170.0,,,,,,,,,,,20
nf,,,,,51.621244,-115.608378,2177.0,,,,,,,,,,,20
nf,,,,,51.621244,-115.608378,2167.0,,,,,,,,,,,20
nf,,,,,51.621244,-115.608378,2127.0,,,,,,,,,,,20
c2,,,,,51.621244,-115.608378,2085.0,,,,,,,,,0.8,,20
c2,,,,,51.621244,-115.608378,2089.0,,,,,,,,,0.8,,20
c2,,,,,51.621244,-115.608378,2112.0,,,,,,,,,0.8,,20
c2,,,,,51.621244,-115.608378,2141.0,,,,,,,,,0.8,,20
c2,,,,,51.621244,-115.608378,2187.0,,,,,,,,,0.8,,20
nf,,,,,51.621244,-115.608378,2245.0,,,,,,,,,,,20
nf,,,,,51.621244,-115.608378,2225.0,,,,,,,,,,,20
nf,,,,,51.621244,-115.608378,2125.0,,,,,,,,,,,20
nf,,,,,51.621244,-115.608378,2058.0,,,,,,,,,,,20
c1,,,,,51.621244,-115.608378,2049.0,,,,,,,,,0.75,,20
c2,,,,,51.621244,-115.608378,2045.0,,,,,,,,,0.8,,20
c2,,,,,51.621244,-115.608378,2031.0,,,,,,,,,0.8,,20
c2,,,,,51.621244,-115.608378,2017.0,,,,,,,,,0.8,,20
c2,,,,,51.621244,-115.608378,2008.0,,,,,,,,,0.8,,20
c2,,,,,51.621244,-115.608378,2000.0,,,,,,,,,0.8,,20
c2,,,,,51.621244,-115.608378,1994.0,,,,,,,,,0.8,,20
c3,,,,,51.621244,-115.608378,1980.0,,,,,,,,,1.15,,20
c2,,,,,51.621244,-115.608378,1979.0,,,,,,,,,0.8,,20
c2,,,,,51.621244,-115.608378,2205.0,,,,,,,,,0.8,,20
c2,,,,,51.621244,-115.608378,2210.0,,,,,,,,,0.8,,20
c2,,,,,51.621244,-115.608378,2197.0,,,,,,,,,0.8,,20
c2,,,,,51.621244,-115.608378,2206.0,,,,,,,,,0.8,,20
o1a,,,,,51.621244,-115.608378,2234.0,,,,,,,,,0.35,60.0,20
c1,,,,,51.621244,-115.608378,2259.0,,,,,,,,,0.75,,20
o1a,,,,,51.621244,-115.608378,2282.0,,,,,,,,,0.35,60.0,20
o1a,,,,,51.621244,-115.608378,2303.0,,,,,,,,,0.35,60.0,20
o1a,,,,,51.621244,-115.608378,2318.0,,,,,,,,,0.35,60.0,20
o1a,,,,,51.621244,-115.608378,2326.0,,,,,,,,,0.35,60.0,20
o1a,,,,,51.621244,-115.608378,2328.0,,,,,,,,,0.35,60.0,20
o1a,,,,,51.621244,-115.608378,2327.0,,,,,,,,,0.35,60.0,20
o1a,,,,,51.621244,-115.608378,2318.0,,,,,,,,,0.35,60.0,20
o1a,,,,,51.621244,-115.608378,2303.0,,,,,,,,,0.35,60.0,20
o1a,,,,,51.621244,-115.608378,2286.0,,,,,,,,,0.35,60.0,20
o1a,,,,,51.621244,-115.608378,2271.0,,,,,,,,,0.35,60.0,20
o1a,,,,,51.621244,-115.608378,2256.0,,,,,,,,,0.35,60.0,20
o1a,,,,,51.621244,-115.608378,2240.0,,,,,,,,,0.35,60.0,20
o1a,,,,,51.621244,-115.608378,2226.0,,,,,,,,,0.35,60.0,20
o1a,,,,,51.621244,-115.608378,2222.0,,,,,,,,,0.35,60.0,20
o1a,,,,,51.621244,-115.608378,2207.0,,,,,,,,,0.35,60.0,20
o1a,,,,,51.621244,-115.608378,2150.0,,,,,,,,,0.35,60.0,20
c2,,,,,51.621244,-115.608378,2091.0,,,,,,,,,0.8,,20
c2,,,,,51.621244,-115.608378,2066.0,,,,,,,,,0.8,,20
c2,,,,,51.621244,-115.608378,2074.0,,,,,,,,,0.8,,20
c2,,,,,51.621244,-115.608378,2103.0,,,,,,,,,0.8,,20
c2,,,,,51.621244,-115.608378,2146.0,,,,,,,,,0.8,,20
c2,,,,,51.621244,-115.608378,2207.0,,,,,,,,,0.8,,20
nf,,,,,51.621244,-115.608378,2227.0,,,,,,,,,,,20
o1a,,,,,51.621244,-115.608378,2140.0,,,,,,,,,0.35,60.0,20
nf,,,,,51.621244,-115.608378,2057.0,,,,,,,,,,,20
c1,,,,,51.621244,-115.608378,2042.0,,,,,,,,,0.75,,20
c2,,,,,51.621244,-115.608378,2030.0,,,,,,,,,0.8,,20
c2,,,,,51.621244,-115.608378,2023.0,,,,,,,,,0.8,,20
c2,,,,,51.621244,-115.608378,2009.0,,,,,,,,,0.8,,20
c2,,,,,51.621244,-115.608378,1999.0,,,,,,,,,0.8,,20
c3,,,,,51.621244,-115.608378,1992.0,,,,,,,,,1.15,,20
c2,,,,,51.621244,-115.608378,1981.0,,,,,,,,,0.8,,20
c2,,,,,51.621244,-115.608378,1965.0,,,,,,,,,0.8,,20
c2,,,,,51.621244,-115.608378,1967.0,,,,,,,,,0.8,,20
c2,,,,,51.621244,-115.608378,2190.0,,,,,,,,,0.8,,20
c2,,,,,51.621244,-115.608378,2190.0,,,,,,,,,0.8,,20
c2,,,,,51.621244,-115.608378,2169.0,,,,,,,,,0.8,,20
o1a,,,,,51.621244,-115.608378,2192.0,,,,,,,,,0.35,60.0,20
c1,,,,,51.621244,-115.608378,2224.0,,,,,,,,,0.75,,20
c1,,,,,51.621244,-115.608378,2247.0,,,,,,,,,0.75,,20
c1,,,,,51.621244,-115.608378,2269.0,,,,,,,,,0.75,,20
o1a,,,,,51.621244,-115.608378,2289.0,,,,,,,,,0.35,60.0,20
o1a,,,,,51.621244,-115.608378,2306.0,,,,,,,,,0.35,60.0,20
o1a,,,,,51.621244,-115.608378,2315.0,,,,,,,,,0.35,60.0,20
o1a,,,,,51.621244,-115.608378,2319.0,,,,,,,,,0.35,60.0,20
o1a,,,,,51.621244,-115.608378,2322.0,,,,,,,,,0.35,60.0,20
o1a,,,,,51.621244,-115.608378,2317.0,,,,,,,,,0.35,60.0,20
o1a,,,,,51.621244,-115.608378,2306.0,,,,,,,,,0.35,60.0,20
o1a,,,,,51.621244,-115.608378,2292.0,,,,,,,,,0.35,60.0,20
o1a,,,,,51.621244,-115.608378,2279.0,,,,,,,,,0.35,60.0,20
o1a,,,,,51.621244,-115.608378,2265.0,,,,,,,,,0.35,60.0,20
o1a,,,,,51.621244,-115.608378,2249.0,,,,,,,,,0.35,60.0,20
o1a,,,,,51.621244,-115.608378,2231.0,,,,,,,,,0.35,60.0,20
o1a,,,,,51.621244,-115.608378,2221.0,,,,,,,,,0.35,60.0,20
o1a,,,,,51.621244,-115.608378,2225.0,,,,,,,,,0.35,60.0,20
o1a,,,,,51.621244,-115.608378,2173.0,,,,,,,,,0.35,60.0,20
nf,,,,,51.621244,-115.608378,2103.0,,,,,,,,,,,20
c2,,,,,51.621244,-115.608378,2059.0,,,,,,,,,0.8,,20
c2,,,,,51.621244,-115.608378,2044.0,,,,,,,,,0.8,,20
c2,,,,,51.621244,-115.608378,2069.0,,,,,,,,,0.8,,20
c2,,,,,51.621244,-115.608378,2109.0,,,,,,,,,0.8,,20
c2,,,,,51.621244,-115.608378,2166.0,,,,,,,,,0.8,,20
nf,,,,,51.621244,-115.608378,2217.0,,,,,,,,,,,20
nf,,,,,51.621244,-115.608378,2141.0,,,,,,,,,,,20
nf,,,,,51.621244,-115.608378,2053.0,,,,,,,,,,,20
c1,,,,,51.621244,-115.608378,2021.0,,,,,,,,,0.75,,20
c1,,,,,51.621244,-115.608378,2017.0,,,,,,,,,0.75,,20
c2,,,,,51.621244,-115.608378,2010.0,,,,,,,,,0.8,,20
c2,,,,,51.621244,-115.608378,1993.0,,,,,,,,,0.8,,20
c2,,,,,51.621244,-115.608378,1982.0,,,,,,,,,0.8,,20
c2,,,,,51.621244,-115.608378,1978.0,,,,,,,,,0.8,,20
c2,,,,,51.621244,-115.608378,1971.0,,,,,,,,,0.8,,20
c2,,,,,51.621244,-115.608378,1948.0,,,,,,,,,0.8,,20
c2,,,,,51.621244,-115.608378,1953.0,,,,,,,,,0.8,,20
c2,,,,,51.621244,-115.608378,2162.0,,,,,,,,,0.8,,20
c2,,,,,51.621244,-115.608378,2164.0,,,,,,,,,0.8,,20
c2,,,,,51.621244,-115.608378,2148.0,,,,,,,,,0.8,,20
o1a,,,,,51.621244,-115.608378,2175.0,,,,,,,,,0.35,60.0,20
o1a,,,,,51.621244,-115.608378,2206.0,,,,,,,,,0.35,60.0,20
c2,,,,,51.621244,-115.608378,2228.0,,,,,,,,,0.8,,20
c2,,,,,51.621244,-115.608378,2248.0,,,,,,,,,0.8,,20
c1,,,,,51.621244,-115.608378,2267.0,,,,,,,,,0.75,,20
o1a,,,,,51.621244,-115.608378,2283.0,,,,,,,,,0.35,60.0,20
o1a,,,,,51.621244,-115.608378,2298.0,,,,,,,,,0.35,60.0,20
o1a,,,,,51.621244,-115.608378,2311.0,,,,,,,,,0.35,60.0,20
o1a,,,,,51.621244,-115.608378,2317.0,,,,,,,,,0.35,60.0,20
o1a,,,,,51.621244,-115.608378,2314.0,,,,,,,,,0.35,60.0,20
o1a,,,,,51.621244,-115.608378,2307.0,,,,,,,,,0.35,60.0,20
o1a,,,,,51.621244,-115.608378,2298.0,,,,,,,,,0.35,60.0,20
o1a,,,,,51.621244,-115.608378,2289.0,,,,,,,,,0.35,60.0,20
o1a,,,,,51.621244,-115.608378,2276.0,,,,,,,,,0.35,60.0,20
o1a,,,,,51.621244,-115.608378,2255.0,,,,,,,,,0.35,60.0,20
o1a,,,,,51.621244,-115.608378,2230.0,,,,,,,,,0.35,60.0,20
o1a,,,,,51.621244,-115.608378,2215.0,,,,,,,,,0.35,60.0,20
c1,,,,,51.621244,-115.608378,2209.0,,,,,,,,,0.75,,20
o1a,,,,,51.621244,-115.608378,2163.0,,,,,,,,,0.35,60.0,20
c2,,,,,51.621244,-115.608378,2097.0,,,,,,,,,0.8,,20
c2,,,,,51.621244,-115.608378,2063.0,,,,,,,,,0.8,,20
c2,,,,,51.621244,-115.608378,2036.0,,,,,,,,,0.8,,20
c2,,,,,51.621244,-115.608378,2041.0,,,,,,,,,0.8,,20
c2,,,,,51.621244,-115.608378,2074.0,,,,,,,,,0.8,,20
c2,,,,,51.621244,-115.608378,2125.0,,,,,,,,,0.8,,20
nf,,,,,51.621244,-115.608378,2166.0,,,,,,,,,,,20
nf,,,,,51.621244,-115.608378,2129.0,,,,,,,,,,,20
nf,,,,,51.621244,-115.608378,2055.0,,,,,,,,,,,20
nf,,,,,51.621244,-115.608378,2010.0,,,,,,,,,,,20
c2,,,,,51.621244,-115.608378,2018.0,,,,,,,,,0.8,,20
c2,,,,,51.621244,-115.608378,2014.0,,,,,,,,,0.8,,20
c2,,,,,51.621244,-115.608378,1987.0,,,,,,,,,0.8,,20
c2,,,,,51.621244,-115.608378,1965.0,,,,,,,,,0.8,,20
c2,,,,,51.621244,-115.608378,1958.0,,,,,,,,,0.8,,20
c2,,,,,51.621244,-115.608378,1953.0,,,,,,,,,0.8,,20
c2,,,,,51.621244,-115.608378,1934.0,,,,,,,,,0.8,,20
c2,,,,,51.621244,-115.608378,1941.0,,,,,,,,,0.8,,20
c2,,,,,51.621244,-115.608378,2138.0,,,,,,,,,0.8,,20
c2,,,,,51.621244,-115.608378,2135.0,,,,,,,,,0.8,,20
c2,,,,,51.621244,-115.608378,2125.0,,,,,,,,,0.8,,20
nf,,,,,51.621244,-115.608378,2155.0,,,,,,,,,,,20
c2,,,,,51.621244,-115.608378,2181.0,,,,,,,,,0.8,,20
c2,,,,,51.621244,-115.608378,2200.0,,,,,,,,,0.8,,20
c2,,,,,51.621244,-115.608378,2223.0,,,,,,,,,0.8,,20
c1,,,,,51.621244,-115.608378,2250.0,,,,,,,,,0.75,,20
o1a,,,,,51.621244,-115.608378,2271.0,,,,,,,,,0.35,60.0,20
o1a,,,,,51.621244,-115.608378,2292.0,,,,,,,,,0.35,60.0,20
o1a,,,,,51.621244,-115.608378,2308.0,,,,,,,,,0.35,60.0,20
o1a,,,,,51.621244,-115.608378,2314.0,,,,,,,,,0.35,60.0,20
o1a,,,,,51.621244,-115.608378,2312.0,,,,,,,,,0.35,60.0,20
o1a,,,,,51.621244,-115.608378,2307.0,,,,,,,,,0.35,60.0,20
o1a,,,,,51.621244,-115.608378,2301.0,,,,,,,,,0.35,60.0,20
o1a,,,,,51.621244,-115.608378,2291.0,,,,,,,,,0.35,60.0,20
o1a,,,,,51.621244,-115.608378,2281.0,,,,,,,,,0.35,60.0,20
o1a,,,,,51.621244,-115.608378,2267.0,,,,,,,,,0.35,60.0,20
o1a,,,,,51.621244,-115.608378,2240.0,,,,,,,,,0.35,60.0,20
o1a,,,,,51.621244,-115.608378,2216.0,,,,,,,,,0.35,60.0,20
c1,,,,,51.621244,-115.608378,2190.0,,,,,,,,,0.75,,20
c1,,,,,51.621244,-115.608378,2146.0,,,,,,,,,0.75,,20
nf,,,,,51.621244,-115.608378,2097.0,,,,,,,,,,,20
nf,,,,,51.621244,-115.608378,2062.0,,,,,,,,,,,20
c2,,,,,51.621244,-115.608378,2041.0,,,,,,,,,0.8,,20
c2,,,,,51.621244,-115.608378,2031.0,,,,,,,,,0.8,,20
c2,,,,,51.621244,-115.608378,2045.0,,,,,,,,,0.8,,20
c2,,,,,51.621244,-115.608378,2082.0,,,,,,,,,0.8,,20
c2,,,,,51.621244,-115.608378,2114.0,,,,,,,,,0.8,,20
nf,,,,,51.621244,-115.608378,2099.0,,,,,,,,,,,20
nf,,,,,51.621244,-115.608378,2044.0,,,,,,,,,,,20
c2,,,,,51.621244,-115.608378,2008.0,,,,,,,,,0.8,,20
c2,,,,,51.621244,-115.608378,2009.0,,,,,,,,,0.8,,20
c2,,,,,51.621244,-115.608378,2005.0,,,,,,,,,0.8,,20
c2,,,,,51.621244,-115.608378,1985.0,,,,,,,,,0.8,,20
c2,,,,,51.621244,-115.608378,1958.0,,,,,,,,,0.8,,20
c2,,,,,51.621244,-115.608378,1943.0,,,,,,,,,0.8,,20
c2,,,,,51.621244,-115.608378,1934.0,,,,,,,,,0.8,,20
c2,,,,,51.621244,-115.608378,1920.0,,,,,,,,,0.8,,20
c2,,,,,51.621244,-115.608378,1929.0,,,,,,,,,0.8,,20
c2,,,,,51.621244,-115.608378,2124.0,,,,,,,,,0.8,,20
c2,,,,,51.621244,-115.608378,2094.0,,,,,,,,,0.8,,20
c2,,,,,51.621244,-115.608378,2123.0,,,,,,,,,0.8,,20
c2,,,,,51.621244,-115.608378,2166.0,,,,,,,,,0.8,,20
c2,,,,,51.621244,-115.608378,2181.0,,,,,,,,,0.8,,20
c1,,,,,51.621244,-115.608378,2199.0,,,,,,,,,0.75,,20
c2,,,,,51.621244,-115.608378,2225.0,,,,,,,,,0.8,,20
c1,,,,,51.621244,-115.608378,2246.0,,,,,,,,,0.75,,20
c1,,,,,51.621244,-115.608378,2268.0,,,,,,,,,0.75,,20
o1a,,,,,51.621244,-115.608378,2289.0,,,,,,,,,0.35,60.0,20
o1a,,,,,51.621244,-115.608378,2304.0,,,,,,,,,0.35,60.0,20
o1a,,,,,51.621244,-115.608378,2310.0,,,,,,,,,0.35,60.0,20
o1a,,,,,51.621244,-115.608378,2309.0,,,,,,,,,0.35,60.0,20
o1a,,,,,51.621244,-115.608378,2307.0,,,,,,,,,0.35,60.0,20
o1a,,,,,51.621244,-115.608378,2304.0,,,,,,,,,0.35,60.0,20
o1a,,,,,51.621244,-115.608378,2294.0,,,,,,,,,0.35,60.0,20
o1a,,,,,51.621244,-115.608378,2280.0,,,,,,,,,0.35,60.0,20
o1a,,,,,51.621244,-115.608378,2272.0,,,,,,,,,0.35,60.0,20
o1a,,,,,51.621244,-115.608378,2252.0,,,,,,,,,0.35,60.0,20
o1a,,,,,51.621244,-115.608378,2225.0,,,,,,,,,0.35,60.0,20
o1a,,,,,51.621244,-115.608378,2199.0,,,,,,,,,0.35,60.0,20
o1a,,,,,51.621244,-115.608378,2171.0,,,,,,,,,0.35,60.0,20
c2,,,,,51.621244,-115.608378,2136.0,,,,,,,,,0.8,,20
nf,,,,,51.621244,-115.608378,2084.0,,,,,,,,,,,20
nf,,,,,51.621244,-115.608378,2045.0,,,,,,,,,,,20
c2,,,,,51.621244,-115.608378,2023.0,,,,,,,,,0.8,,20
c2,,,,,51.621244,-115.608378,2028.0,,,,,,,,,0.8,,20
c2,,,,,51.621244,-115.608378,2046.0,,,,,,,,,0.8,,20
c2,,,,,51.621244,-115.608378,2057.0,,,,,,,,,0.8,,20
c2,,,,,51.621244,-115.608378,2063.0,,,,,,,,,0.8,,20
c2,,,,,51.621244,-115.608378,2023.0,,,,,,,,,0.8,,20
c2,,,,,51.621244,-115.608378,1995.0,,,,,,,,,0.8,,20
c2,,,,,51.621244,-115.608378,1998.0,,,,,,,,,0.8,,20
c2,,,,,51.621244,-115.608378,1993.0,,,,,,,,,0.8,,20
c2,,,,,51.621244,-115.608378,1978.0,,,,,,,,,0.8,,20
c2,,,,,51.621244,-115.608378,1951.0,,,,,,,,,0.8,,20
c2,,,,,51.621244,-115.608378,1931.0,,,,,,,,,0.8,,20
c2,,,,,51.621244,-115.608378,1913.0,,,,,,,,,0.8,,20
c2,,,,,51.621244,-115.608378,1905.0,,,,,,,,,0.8,,20
c2,,,,,51.621244,-115.608378,1918.0,,,,,,,,,0.8,,20
c2,,,,,51.621244,-115.608378,2092.0,,,,,,,,,0.8,,20
c2,,,,,51.621244,-115.608378,2079.0,,,,,,,,,0.8,,20
c2,,,,,51.621244,-115.608378,2124.0,,,,,,,,,0.8,,20
c1,,,,,51.621244,-115.608378,2163.0,,,,,,,,,0.75,,20
c1,,,,,51.621244,-115.608378,2185.0,,,,,,,,,0.75,,20
o1a,,,,,51.621244,-115.608378,2207.0,,,,,,,,,0.35,60.0,20
c1,,,,,51.621244,-115.608378,2223.0,,,,,,,,,0.75,,20
c1,,,,,51.621244,-115.608378,2237.0,,,,,,,,,0.75,,20
c1,,,,,51.621244,-115.608378,2256.0,,,,,,,,,0.75,,20
c1,,,,,51.621244,-115.608378,2275.0,,,,,,,,,0.75,,20
o1a,,,,,51.621244,-115.608378,2292.0,,,,,,,,,0.35,60.0,20
o1a,,,,,51.621244,-115.608378,2302.0,,,,,,,,,0.35,60.0,20
o1a,,,,,51.621244,-115.608378,2306.0,,,,,,,,,0.35,60.0,20
o1a,,,,,51.621244,-115.608378,2308.0,,,,,,,,,0.35,60.0,20
o1a,,,,,51.621244,-115.608378,2308.0,,,,,,,,,0.35,60.0,20
o1a,,,,,51.621244,-115.608378,2302.0,,,,,,,,,0.35,60.0,20
o1a,,,,,51.621244,-115.608378,2283.0,,,,,,,,,0.35,60.0,20
o1a,,,,,51.621244,-115.608378,2269.0,,,,,,,,,0.35,60.0,20
o1a,,,,,51.621244,-115.608378,2256.0,,,,,,,,,0.35,60.0,20
o1a,,,,,51.621244,-115.608378,2235.0,,,,,,,,,0.35,60.0,20
o1a,,,,,51.621244,-115.608378,2210.0,,,,,,,,,0.35,60.0,20
o1a,,,,,51.621244,-115.608378,2193.0,,,,,,,,,0.35,60.0,20
c1,,,,,51.621244,-115.608378,2176.0,,,,,,,,,0.75,,20
c2,,,,,51.621244,-115.608378,2122.0,,,,,,,,,0.8,,20
nf,,,,,51.621244,-115.608378,2057.0,,,,,,,,,,,20
c2,,,,,51.621244,-115.608378,2014.0,,,,,,,,,0.8,,20
c2,,,,,51.621244,-115.608378,2018.0,,,,,,,,,0.8,,20
c2,,,,,51.621244,-115.608378,2025.0,,,,,,,,,0.8,,20
c2,,,,,51.621244,-115.608378,2011.0,,,,,,,,,0.8,,20
c2,,,,,51.621244,-115.608378,2010.0,,,,,,,,,0.8,,20
c2,,,,,51.621244,-115.608378,1995.0,,,,,,,,,0.8,,20
c2,,,,,51.621244,-115.608378,1984.0,,,,,,,,,0.8,,20
c2,,,,,51.621244,-115.608378,1985.0,,,,,,,,,0.8,,20
c2,,,,,51.621244,-115.608378,1978.0,,,,,,,,,0.8,,20
c2,,,,,51.621244,-115.608378,1968.0,,,,,,,,,0.8,,20
c2,,,,,51.621244,-115.608378,1941.0,,,,,,,,,0.8,,20
c2,,,,,51.621244,-115.608378,1920.0,,,,,,,,,0.8,,20
c2,,,,,51.621244,-115.608378,1898.0,,,,,,,,,0.8,,20
c2,,,,,51.621244,-115.608378,1898.0,,,,,,,,,0.8,,20
c2,,,,,51.621244,-115.608378,1907.0,,,,,,,,,0.8,,20
c2,,,,,51.621244,-115.608378,2049.0,,,,,,,,,0.8,,20
c2,,,,,51.621244,-115.608378,2069.0,,,,,,,,,0.8,,20
c2,,,,,51.621244,-115.608378,2129.0,,,,,,,,,0.8,,20
c1,,,,,51.621244,-115.608378,2160.0,,,,,,,,,0.75,,20
c1,,,,,51.621244,-115.608378,2183.0,,,,,,,,,0.75,,20
o1a,,,,,51.621244,-115.608378,2205.0,,,,,,,,,0.35,60.0,20
c1,,,,,51.621244,-115.608378,2214.0,,,,,,,,,0.75,,20
c1,,,,,51.621244,-115.608378,2225.0,,,,,,,,,0.75,,20
c1,,,,,51.621244,-115.608378,2242.0,,,,,,,,,0.75,,20
o1a,,,,,51.621244,-115.608378,2261.0,,,,,,,,,0.35,60.0,20
o1a,,,,,51.621244,-115.608378,2281.0,,,,,,,,,0.35,60.0,20
o1a,,,,,51.621244,-115.608378,2296.0,,,,,,,,,0.35,60.0,20
o1a,,,,,51.621244,-115.608378,2305.0,,,,,,,,,0.35,60.0,20
o1a,,,,,51.621244,-115.608378,2309.0,,,,,,,,,0.35,60.0,20
o1a,,,,,51.621244,-115.608378,2308.0,,,,,,,,,0.35,60.0,20
o1a,,,,,51.621244,-115.608378,2307.0,,,,,,,,,0.35,60.0,20
o1a,,,,,51.621244,-115.608378,2291.0,,,,,,,,,0.35,60.0,20
o1a,,,,,51.621244,-115.608378,2272.0,,,,,,,,,0.35,60.0,20
o1a,,,,,51.621244,-115.608378,2258.0,,,,,,,,,0.35,60.0,20
o1a,,,,,51.621244,-115.608378,2241.0,,,,,,,,,0.35,60.0,20
o1a,,,,,51.621244,-115.608378,2220.0,,,,,,,,,0.35,60.0,20
c1,,,,,51.621244,-115.608378,2194.0,,,,,,,,,0.75,,20
o1a,,,,,51.621244,-115.608378,2176.0,,,,,,,,,0.35,60.0,20
c2,,,,,51.621244,-115.608378,2133.0,,,,,,,,,0.8,,20
c2,,,,,51.621244,-115.608378,2067.0,,,,,,,,,0.8,,20
c2,,,,,51.621244,-115.608378,2017.0,,,,,,,,,0.8,,20
c2,,,,,51.621244,-115.608378,2001.0,,,,,,,,,0.8,,20
c2,,,,,51.621244,-115.608378,1994.0,,,,,,,,,0.8,,20
c2,,,,,51.621244,-115.608378,1984.0,,,,,,,,,0.8,,20
c2,,,,,51.621244,-115.608378,1978.0,,,,,,,,,0.8,,20
c2,,,,,51.621244,-115.608378,1971.0,,,,,,,,,0.8,,20
c2,,,,,51.621244,-115.608378,1969.0,,,,,,,,,0.8,,20
c2,,,,,51.621244,-115.608378,1971.0,,,,,,,,,0.8,,20
c2,,,,,51.621244,-115.608378,1959.0,,,,,,,,,0.8,,20
o1a,,,,,51.621244,-115.608378,1948.0,,,,,,,,,0.35,60.0,20
o1a,,,,,51.621244,-115.608378,1930.0,,,,,,,,,0.35,60.0,20
o1a,,,,,51.621244,-115.608378,1912.0,,,,,,,,,0.35,60.0,20
c2,,,,,51.621244,-115.608378,1886.0,,,,,,,,,0.8,,20
c2,,,,,51.621244,-115.608378,1887.0,,,,,,,,,0.8,,20
c2,,,,,51.621244,-115.608378,1893.0,,,,,,,,,0.8,,20
c3,,,,,51.621244,-115.608378,2047.0,,,,,,,,,1.15,,20
o1a,,,,,51.621244,-115.608378,2058.0,,,,,,,,,0.35,60.0,20
c2,,,,,51.621244,-115.608378,2127.0,,,,,,,,,0.8,,20
o1a,,,,,51.621244,-115.608378,2158.0,,,,,,,,,0.35,60.0,20
o1a,,,,,51.621244,-115.608378,2173.0,,,,,,,,,0.35,60.0,20
c1,,,,,51.621244,-115.608378,2196.0,,,,,,,,,0.75,,20
c1,,,,,51.621244,-115.608378,2208.0,,,,,,,,,0.75,,20
c1,,,,,51.621244,-115.608378,2215.0,,,,,,,,,0.75,,20
c1,,,,,51.621244,-115.608378,2231.0,,,,,,,,,0.75,,20
c1,,,,,51.621244,-115.608378,2250.0,,,,,,,,,0.75,,20
o1a,,,,,51.621244,-115.608378,2271.0,,,,,,,,,0.35,60.0,20
o1a,,,,,51.621244,-115.608378,2289.0,,,,,,,,,0.35,60.0,20
o1a,,,,,51.621244,-115.608378,2302.0,,,,,,,,,0.35,60.0,20
o1a,,,,,51.621244,-115.608378,2307.0,,,,,,,,,0.35,60.0,20
o1a,,,,,51.621244,-115.608378,2306.0,,,,,,,,,0.35,60.0,20
o1a,,,,,51.621244,-115.608378,2305.0,,,,,,,,,0.35,60.0,20
o1a,,,,,51.621244,-115.608378,2300.0,,,,,,,,,0.35,60.0,20
o1a,,,,,51.621244,-115.608378,2279.0,,,,,,,,,0.35,60.0,20
o1a,,,,,51.621244,-115.608378,2264.0,,,,,,,,,0.35,60.0,20
o1a,,,,,51.621244,-115.608378,2251.0,,,,,,,,,0.35,60.0,20
o1a,,,,,51.621244,-115.608378,2230.0,,,,,,,,,0.35,60.0,20
c1,,,,,51.621244,-115.608378,2199.0,,,,,,,,,0.75,,20
o1a,,,,,51.621244,-115.608378,2160.0,,,,,,,,,0.35,60.0,20
c2,,,,,51.621244,-115.608378,2113.0,,,,,,,,,0.8,,20
c2,,,,,51.621244,-115.608378,2064.0,,,,,,,,,0.8,,20
c2,,,,,51.621244,-115.608378,2026.0,,,,,,,,,0.8,,20
c2,,,,,51.621244,-115.608378,1985.0,,,,,,,,,0.8,,20
c2,,,,,51.621244,-115.608378,1980.0,,,,,,,,,0.8,,20
c2,,,,,51.621244,-115.608378,1973.0,,,,,,,,,0.8,,20
c2,,,,,51.621244,-115.608378,1966.0,,,,,,,,,0.8,,20
c2,,,,,51.621244,-115.608378,1960.0,,,,,,,,,0.8,,20
c2,,,,,51.621244,-115.608378,1953.0,,,,,,,,,0.8,,20
c2,,,,,51.621244,-115.608378,1955.0,,,,,,,,,0.8,,20
c2,,,,,51.621244,-115.608378,1949.0,,,,,,,,,0.8,,20
c2,,,,,51.621244,-115.608378,1934.0,,,,,,,,,0.8,,20
o1a,,,,,51.621244,-115.608378,1921.0,,,,,,,,,0.35,60.0,20
o1a,,,,,51.621244,-115.608378,1905.0,,,,,,,,,0.35,60.0,20
o1a,,,,,51.621244,-115.608378,1877.0,,,,,,,,,0.35,60.0,20
c1,,,,,51.621244,-115.608378,1877.0,,,,,,,,,0.75,,20
c1,,,,,51.621244,-115.608378,1880.0,,,,,,,,,0.75,,20
c3,,,,,51.621244,-115.608378,2044.0,,,,,,,,,1.15,,20
c2,,,,,51.621244,-115.608378,2042.0,,,,,,,,,0.8,,20
c2,,,,,51.621244,-115.608378,2107.0,,,,,,,,,0.8,,20
c2,,,,,51.621244,-115.608378,2153.0,,,,,,,,,0.8,,20
o1a,,,,,51.621244,-115.608378,2165.0,,,,,,,,,0.35,60.0,20
o1a,,,,,51.621244,-115.608378,2178.0,,,,,,,,,0.35,60.0,20
o1a,,,,,51.621244,-115.608378,2200.0,,,,,,,,,0.35,60.0,20
c1,,,,,51.621244,-115.608378,2206.0,,,,,,,,,0.75,,20
c1,,,,,51.621244,-115.608378,2219.0,,,,,,,,,0.75,,20
c1,,,,,51.621244,-115.608378,2237.0,,,,,,,,,0.75,,20
c1,,,,,51.621244,-115.608378,2256.0,,,,,,,,,0.75,,20
c1,,,,,51.621244,-115.608378,2275.0,,,,,,,,,0.75,,20
o1a,,,,,51.621244,-115.608378,2292.0,,,,,,,,,0.35,60.0,20
o1a,,,,,51.621244,-115.608378,2302.0,,,,,,,,,0.35,60.0,20
o1a,,,,,51.621244,-115.608378,2303.0,,,,,,,,,0.35,60.0,20
o1a,,,,,51.621244,-115.608378,2302.0,,,,,,,,,0.35,60.0,20
o1a,,,,,51.621244,-115.608378,2299.0,,,,,,,,,0.35,60.0,20
o1a,,,,,51.621244,-115.608378,2289.0,,,,,,,,,0.35,60.0,20
o1a,,,,,51.621244,-115.608378,2271.0,,,,,,,,,0.35,60.0,20
o1a,,,,,51.621244,-115.608378,2258.0,,,,,,,,,0.35,60.0,20
o1a,,,,,51.621244,-115.608378,2236.0,,,,,,,,,0.35,60.0,20
o1a,,,,,51.621244,-115.608378,2207.0,,,,,,,,,0.35,60.0,20
o1a,,,,,51.621244,-115.608378,2157.0,,,,,,,,,0.35,60.0,20
c2,,,,,51.621244,-115.608378,2111.0,,,,,,,,,0.8,,20
c2,,,,,51.621244,-115.608378,2080.0,,,,,,,,,0.8,,20
o1a,,,,,51.621244,-115.608378,2046.0,,,,,,,,,0.35,60.0,20
c2,,,,,51.621244,-115.608378,2012.0,,,,,,,,,0.8,,20
c2,,,,,51.621244,-115.608378,1978.0,,,,,,,,,0.8,,20
c2,,,,,51.621244,-115.608378,1962.0,,,,,,,,,0.8,,20
c2,,,,,51.621244,-115.608378,1968.0,,,,,,,,,0.8,,20
c2,,,,,51.621244,-115.608378,1959.0,,,,,,,,,0.8,,20
c2,,,,,51.621244,-115.608378,1946.0,,,,,,,,,0.8,,20
c2,,,,,51.621244,-115.608378,1942.0,,,,,,,,,0.8,,20
c2,,,,,51.621244,-115.608378,1937.0,,,,,,,,,0.8,,20
c2,,,,,51.621244,-115.608378,1925.0,,,,,,,,,0.8,,20
o1a,,,,,51.621244,-115.608378,1914.0,,,,,,,,,0.35,60.0,20
o1a,,,,,51.621244,-115.608378,1903.0,,,,,,,,,0.35,60.0,20
o1a,,,,,51.621244,-115.608378,1878.0,,,,,,,,,0.35,60.0,20
c2,,,,,51.621244,-115.608378,1867.0,,,,,,,,,0.8,,20
c1,,,,,51.621244,-115.608378,1870.0,,,,,,,,,0.75,,20
c3,,,,,51.621244,-115.608378,2035.0,,,,,,,,,1.15,,20
c2,,,,,51.621244,-115.608378,2027.0,,,,,,,,,0.8,,20
c1,,,,,51.621244,-115.608378,2077.0,,,,,,,,,0.75,,20
c2,,,,,51.621244,-115.608378,2132.0,,,,,,,,,0.8,,20
c1,,,,,51.621244,-115.608378,2153.0,,,,,,,,,0.75,,20
o1a,,,,,51.621244,-115.608378,2166.0,,,,,,,,,0.35,60.0,20
c1,,,,,51.621244,-115.608378,2190.0,,,,,,,,,0.75,,20
c1,,,,,51.621244,-115.608378,2203.0,,,,,,,,,0.75,,20
c1,,,,,51.621244,-115.608378,2211.0,,,,,,,,,0.75,,20
c1,,,,,51.621244,-115.608378,2224.0,,,,,,,,,0.75,,20
c1,,,,,51.621244,-115.608378,2239.0,,,,,,,,,0.75,,20
c1,,,,,51.621244,-115.608378,2257.0,,,,,,,,,0.75,,20
o1a,,,,,51.621244,-115.608378,2276.0,,,,,,,,,0.35,60.0,20
o1a,,,,,51.621244,-115.608378,2288.0,,,,,,,,,0.35,60.0,20
o1a,,,,,51.621244,-115.608378,2294.0,,,,,,,,,0.35,60.0,20
o1a,,,,,51.621244,-115.608378,2297.0,,,,,,,,,0.35,60.0,20
o1a,,,,,51.621244,-115.608378,2295.0,,,,,,,,,0.35,60.0,20
o1a,,,,,51.621244,-115.608378,2290.0,,,,,,,,,0.35,60.0,20
o1a,,,,,51.621244,-115.608378,2278.0,,,,,,,,,0.35,60.0,20
o1a,,,,,51.621244,-115.608378,2260.0,,,,,,,,,0.35,60.0,20
o1a,,,,,51.621244,-115.608378,2238.0,,,,,,,,,0.35,60.0,20
o1a,,,,,51.621244,-115.608378,2214.0,,,,,,,,,0.35,60.0,20
c1,,,,,51.621244,-115.608378,2175.0,,,,,,,,,0.75,,20
c2,,,,,51.621244,-115.608378,2154.0,,,,,,,,,0.8,,20
c2,,,,,51.621244,-115.608378,2127.0,,,,,,,,,0.8,,20
c2,,,,,51.621244,-115.608378,2102.0,,,,,,,,,0.8,,20
c2,,,,,51.621244,-115.608378,2067.0,,,,,,,,,0.8,,20
o1a,,,,,51.621244,-115.608378,2019.0,,,,,,,,,0.35,60.0,20
c2,,,,,51.621244,-115.608378,1986.0,,,,,,,,,0.8,,20
c2,,,,,51.621244,-115.608378,1963.0,,,,,,,,,0.8,,20
c2,,,,,51.621244,-115.608378,1944.0,,,,,,,,,0.8,,20
c2,,,,,51.621244,-115.608378,1931.0,,,,,,,,,0.8,,20
c2,,,,,51.621244,-115.608378,1924.0,,,,,,,,,0.8,,20
c2,,,,,51.621244,-115.608378,1926.0,,,,,,,,,0.8,,20
c2,,,,,51.621244,-115.608378,1919.0,,,,,,,,,0.8,,20
c2,,,,,51.621244,-115.608378,1906.0,,,,,,,,,0.8,,20
c2,,,,,51.621244,-115.608378,1898.0,,,,,,,,,0.8,,20
c2,,,,,51.621244,-115.608378,1882.0,,,,,,,,,0.8,,20
c2,,,,,51.621244,-115.608378,1866.0,,,,,,,,,0.8,,20
c2,,,,,51.621244,-115.608378,1858.0,,,,,,,,,0.8,,20
c3,,,,,51.621244,-115.608378,2029.0,,,,,,,,,1.15,,20
c2,,,,,51.621244,-115.608378,2008.0,,,,,,,,,0.8,,20
c1,,,,,51.621244,-115.608378,2045.0,,,,,,,,,0.75,,20
c1,,,,,51.621244,-115.608378,2088.0,,,,,,,,,0.75,,20
c1,,,,,51.621244,-115.608378,2144.0,,,,,,,,,0.75,,20
c1,,,,,51.621244,-115.608378,2159.0,,,,,,,,,0.75,,20
c1,,,,,51.621244,-115.608378,2177.0,,,,,,,,,0.75,,20
c1,,,,,51.621244,-115.608378,2199.0,,,,,,,,,0.75,,20
c1,,,,,51.621244,-115.608378,2203.0,,,,,,,,,0.75,,20
c1,,,,,51.621244,-115.608378,2213.0,,,,,,,,,0.75,,20
c1,,,,,51.621244,-115.608378,2224.0,,,,,,,,,0.75,,20
c1,,,,,51.621244,-115.608378,2239.0,,,,,,,,,0.75,,20
c1,,,,,51.621244,-115.608378,2257.0,,,,,,,,,0.75,,20
o1a,,,,,51.621244,-115.608378,2272.0,,,,,,,,,0.35,60.0,20
o1a,,,,,51.621244,-115.608378,2285.0,,,,,,,,,0.35,60.0,20
o1a,,,,,51.621244,-115.608378,2292.0,,,,,,,,,0.35,60.0,20
o1a,,,,,51.621244,-115.608378,2292.0,,,,,,,,,0.35,60.0,20
o1a,,,,,51.621244,-115.608378,2287.0,,,,,,,,,0.35,60.0,20
o1a,,,,,51.621244,-115.608378,2283.0,,,,,,,,,0.35,60.0,20
o1a,,,,,51.621244,-115.608378,2268.0,,,,,,,,,0.35,60.0,20
o1a,,,,,51.621244,-115.608378,2243.0,,,,,,,,,0.35,60.0,20
o1a,,,,,51.621244,-115.608378,2222.0,,,,,,,,,0.35,60.0,20
c1,,,,,51.621244,-115.608378,2195.0,,,,,,,,,0.75,,20
o1a,,,,,51.621244,-115.608378,2170.0,,,,,,,,,0.35,60.0,20
c2,,,,,51.621244,-115.608378,2153.0,,,,,,,,,0.8,,20
c2,,,,,51.621244,-115.608378,2135.0,,,,,,,,,0.8,,20
c2,,,,,51.621244,-115.608378,2105.0,,,,,,,,,0.8,,20
c2,,,,,51.621244,-115.608378,2052.0,,,,,,,,,0.8,,20
c2,,,,,51.621244,-115.608378,1998.0,,,,,,,,,0.8,,20
c2,,,,,51.621244,-115.608378,1977.0,,,,,,,,,0.8,,20
c2,,,,,51.621244,-115.608378,1965.0,,,,,,,,,0.8,,20
c2,,,,,51.621244,-115.608378,1952.0,,,,,,,,,0.8,,20
c2,,,,,51.621244,-115.608378,1938.0,,,,,,,,,0.8,,20
c2,,,,,51.621244,-115.608378,1911.0,,,,,,,,,0.8,,20
c2,,,,,51.621244,-115.608378,1902.0,,,,,,,,,0.8,,20
c2,,,,,51.621244,-115.608378,1890.0,,,,,,,,,0.8,,20
c2,,,,,51.621244,-115.608378,1883.0,,,,,,,,,0.8,,20
c2,,,,,51.621244,-115.608378,1868.0,,,,,,,,,0.8,,20
c2,,,,,51.621244,-115.608378,1872.0,,,,,,,,,0.8,,20
c2,,,,,51.621244,-115.608378,1861.0,,,,,,,,,0.8,,20
c2,,,,,51.621244,-115.608378,2025.0,,,,,,,,,0.8,,20
c3,,,,,51.621244,-115.608378,1998.0,,,,,,,,,1.15,,20
c1,,,,,51.621244,-115.608378,2025.0,,,,,,,,,0.75,,20
c1,,,,,51.621244,-115.608378,2066.0,,,,,,,,,0.75,,20
c1,,,,,51.621244,-115.608378,2125.0,,,,,,,,,0.75,,20
c1,,,,,51.621244,-115.608378,2155.0,,,,,,,,,0.75,,20
o1a,,,,,51.621244,-115.608378,2167.0,,,,,,,,,0.35,60.0,20
c1,,,,,51.621244,-115.608378,2184.0,,,,,,,,,0.75,,20
c1,,,,,51.621244,-115.608378,2192.0,,,,,,,,,0.75,,20
c1,,,,,51.621244,-115.608378,2200.0,,,,,,,,,0.75,,20
c1,,,,,51.621244,-115.608378,2207.0,,,,,,,,,0.75,,20
c1,,,,,51.621244,-115.608378,2221.0,,,,,,,,,0.75,,20
c1,,,,,51.621244,-115.608378,2238.0,,,,,,,,,0.75,,20
o1a,,,,,51.621244,-115.608378,2261.0,,,,,,,,,0.35,60.0,20
o1a,,,,,51.621244,-115.608378,2277.0,,,,,,,,,0.35,60.0,20
o1a,,,,,51.621244,-115.608378,2288.0,,,,,,,,,0.35,60.0,20
o1a,,,,,51.621244,-115.608378,2290.0,,,,,,,,,0.35,60.0,20
o1a,,,,,51.621244,-115.608378,2287.0,,,,,,,,,0.35,60.0,20
o1a,,,,,51.621244,-115.608378,2283.0,,,,,,,,,0.35,60.0,20
o1a,,,,,51.621244,-115.608378,2278.0,,,,,,,,,0.35,60.0,20
o1a,,,,,51.621244,-115.608378,2247.0,,,,,,,,,0.35,60.0,20
o1a,,,,,51.621244,-115.608378,2222.0,,,,,,,,,0.35,60.0,20
c1,,,,,51.621244,-115.608378,2207.0,,,,,,,,,0.75,,20
c1,,,,,51.621244,-115.608378,2188.0,,,,,,,,,0.75,,20
c2,,,,,51.621244,-115.608378,2165.0,,,,,,,,,0.8,,20
c2,,,,,51.621244,-115.608378,2145.0,,,,,,,,,0.8,,20
c2,,,,,51.621244,-115.608378,2114.0,,,,,,,,,0.8,,20
o1a,,,,,51.621244,-115.608378,2058.0,,,,,,,,,0.35,60.0,20
o1a,,,,,51.621244,-115.608378,2001.0,,,,,,,,,0.35,60.0,20
c3,,,,,51.621244,-115.608378,1974.0,,,,,,,,,1.15,,20
c2,,,,,51.621244,-115.608378,1961.0,,,,,,,,,0.8,,20
c3,,,,,51.621244,-115.608378,1950.0,,,,,,,,,1.15,,20
c3,,,,,51.621244,-115.608378,1937.0,,,,,,,,,1.15,,20
c3,,,,,51.621244,-115.608378,1924.0,,,,,,,,,1.15,,20
c3,,,,,51.621244,-115.608378,1906.0,,,,,,,,,1.15,,20
c2,,,,,51.621244,-115.608378,1899.0,,,,,,,,,0.8,,20
c3,,,,,51.621244,-115.608378,1893.0,,,,,,,,,1.15,,20
c2,,,,,51.621244,-115.608378,1885.0,,,,,,,,,0.8,,20
c2,,,,,51.621244,-115.608378,1877.0,,,,,,,,,0.8,,20
c2,,,,,51.621244,-115.608378,1866.0,,,,,,,,,0.8,,20
o1a,,,,,51.621244,-115.608378,2034.0,,,,,,,,,0.35,60.0,20
c3,,,,,51.621244,-115.608378,1995.0,,,,,,,,,1.15,,20
o1a,,,,,51.621244,-115.608378,1997.0,,,,,,,,,0.35,60.0,20
c1,,,,,51.621244,-115.608378,2041.0,,,,,,,,,0.75,,20
c1,,,,,51.621244,-115.608378,2099.0,,,,,,,,,0.75,,20
c1,,,,,51.621244,-115.608378,2147.0,,,,,,,,,0.75,,20
o1a,,,,,51.621244,-115.608378,2161.0,,,,,,,,,0.35,60.0,20
o1a,,,,,51.621244,-115.608378,2167.0,,,,,,,,,0.35,60.0,20
c1,,,,,51.621244,-115.608378,2174.0,,,,,,,,,0.75,,20
c2,,,,,51.621244,-115.608378,2181.0,,,,,,,,,0.8,,20
c2,,,,,51.621244,-115.608378,2188.0,,,,,,,,,0.8,,20
c2,,,,,51.621244,-115.608378,2201.0,,,,,,,,,0.8,,20
c2,,,,,51.621244,-115.608378,2220.0,,,,,,,,,0.8,,20
c2,,,,,51.621244,-115.608378,2247.0,,,,,,,,,0.8,,20
o1a,,,,,51.621244,-115.608378,2268.0,,,,,,,,,0.35,60.0,20
o1a,,,,,51.621244,-115.608378,2282.0,,,,,,,,,0.35,60.0,20
o1a,,,,,51.621244,-115.608378,2289.0,,,,,,,,,0.35,60.0,20
o1a,,,,,51.621244,-115.608378,2288.0,,,,,,,,,0.35,60.0,20
o1a,,,,,51.621244,-115.608378,2283.0,,,,,,,,,0.35,60.0,20
o1a,,,,,51.621244,-115.608378,2277.0,,,,,,,,,0.35,60.0,20
o1a,,,,,51.621244,-115.608378,2257.0,,,,,,,,,0.35,60.0,20
o1a,,,,,51.621244,-115.608378,2229.0,,,,,,,,,0.35,60.0,20
o1a,,,,,51.621244,-115.608378,2209.0,,,,,,,,,0.35,60.0,20
c1,,,,,51.621244,-115.608378,2198.0,,,,,,,,,0.75,,20
c2,,,,,51.621244,-115.608378,2177.0,,,,,,,,,0.8,,20
c2,,,,,51.621244,-115.608378,2148.0,,,,,,,,,0.8,,20
c2,,,,,51.621244,-115.608378,2107.0,,,,,,,,,0.8,,20
o1a,,,,,51.621244,-115.608378,2050.0,,,,,,,,,0.35,60.0,20
o1a,,,,,51.621244,-115.608378,2027.0,,,,,,,,,0.35,60.0,20
o1a,,,,,51.621244,-115.608378,2011.0,,,,,,,,,0.35,60.0,20
o1a,,,,,51.621244,-115.608378,1997.0,,,,,,,,,0.35,60.0,20
c3,,,,,51.621244,-115.608378,1979.0,,,,,,,,,1.15,,20
c3,,,,,51.621244,-115.608378,1963.0,,,,,,,,,1.15,,20
c3,,,,,51.621244,-115.608378,1952.0,,,,,,,,,1.15,,20
c3,,,,,51.621244,-115.608378,1937.0,,,,,,,,,1.15,,20
c3,,,,,51.621244,-115.608378,1928.0,,,,,,,,,1.15,,20
c2,,,,,51.621244,-115.608378,1916.0,,,,,,,,,0.8,,20
c2,,,,,51.621244,-115.608378,1901.0,,,,,,,,,0.8,,20
c2,,,,,51.621244,-115.608378,1889.0,,,,,,,,,0.8,,20
c2,,,,,51.621244,-115.608378,1875.0,,,,,,,,,0.8,,20
o1a,,,,,51.621244,-115.608378,2042.0,,,,,,,,,0.35,60.0,20
c3,,,,,51.621244,-115.608378,1996.0,,,,,,,,,1.15,,20
c3,,,,,51.621244,-115.608378,1984.0,,,,,,,,,1.15,,20
c1,,,,,51.621244,-115.608378,2019.0,,,,,,,,,0.75,,20
c1,,,,,51.621244,-115.608378,2072.0,,,,,,,,,0.75,,20
nf,,,,,51.621244,-115.608378,2128.0,,,,,,,,,,,20
o1a,,,,,51.621244,-115.608378,2154.0,,,,,,,,,0.35,60.0,20
c2,,,,,51.621244,-115.608378,2156.0,,,,,,,,,0.8,,20
c2,,,,,51.621244,-115.608378,2159.0,,,,,,,,,0.8,,20
c2,,,,,51.621244,-115.608378,2166.0,,,,,,,,,0.8,,20
c2,,,,,51.621244,-115.608378,2175.0,,,,,,,,,0.8,,20
o1a,,,,,51.621244,-115.608378,2189.0,,,,,,,,,0.35,60.0,20
c2,,,,,51.621244,-115.608378,2208.0,,,,,,,,,0.8,,20
c2,,,,,51.621244,-115.608378,2233.0,,,,,,,,,0.8,,20
o1a,,,,,51.621244,-115.608378,2256.0,,,,,,,,,0.35,60.0,20
o1a,,,,,51.621244,-115.608378,2273.0,,,,,,,,,0.35,60.0,20
o1a,,,,,51.621244,-115.608378,2284.0,,,,,,,,,0.35,60.0,20
o1a,,,,,51.621244,-115.608378,2288.0,,,,,,,,,0.35,60.0,20
o1a,,,,,51.621244,-115.608378,2284.0,,,,,,,,,0.35,60.0,20
o1a,,,,,51.621244,-115.608378,2276.0,,,,,,,,,0.35,60.0,20
o1a,,,,,51.621244,-115.608378,2263.0,,,,,,,,,0.35,60.0,20
o1a,,,,,51.621244,-115.608378,2245.0,,,,,,,,,0.35,60.0,20
o1a,,,,,51.621244,-115.608378,2219.0,,,,,,,,,0.35,60.0,20
o1a,,,,,51.621244,-115.608378,2202.0,,,,,,,,,0.35,60.0,20
c2,,,,,51.621244,-115.608378,2185.0,,,,,,,,,0.8,,20
c2,,,,,51.621244,-115.608378,2157.0,,,,,,,,,0.8,,20
c2,,,,,51.621244,-115.608378,2118.0,,,,,,,,,0.8,,20
c2,,,,,51.621244,-115.608378,2095.0,,,,,,,,,0.8,,20
c2,,,,,51.621244,-115.608378,2086.0,,,,,,,,,0.8,,20
c2,,,,,51.621244,-115.608378,2067.0,,,,,,,,,0.8,,20
c2,,,,,51.621244,-115.608378,2049.0,,,,,,,,,0.8,,20
o1a,,,,,51.621244,-115.608378,2030.0,,,,,,,,,0.35,60.0,20
o1a,,,,,51.621244,-115.608378,2012.0,,,,,,,,,0.35,60.0,20
o1a,,,,,51.621244,-115.608378,1997.0,,,,,,,,,0.35,60.0,20
o1a,,,,,51.621244,-115.608378,1980.0,,,,,,,,,0.35,60.0,20
o1a,,,,,51.621244,-115.608378,1963.0,,,,,,,,,0.35,60.0,20
c2,,,,,51.621244,-115.608378,1942.0,,,,,,,,,0.8,,20
c2,,,,,51.621244,-115.608378,1923.0,,,,,,,,,0.8,,20
c2,,,,,51.621244,-115.608378,1906.0,,,,,,,,,0.8,,20
c2,,,,,51.621244,-115.608378,1887.0,,,,,,,,,0.8,,20
c3,,,,,51.621244,-115.608378,2046.0,,,,,,,,,1.15,,20
c3,,,,,51.621244,-115.608378,1999.0,,,,,,,,,1.15,,20
c3,,,,,51.621244,-115.608378,1970.0,,,,,,,,,1.15,,20
c1,,,,,51.621244,-115.608378,1998.0,,,,,,,,,0.75,,20
c1,,,,,51.621244,-115.608378,2043.0,,,,,,,,,0.75,,20
c1,,,,,51.621244,-115.608378,2100.0,,,,,,,,,0.75,,20
c1,,,,,51.621244,-115.608378,2144.0,,,,,,,,,0.75,,20
c2,,,,,51.621244,-115.608378,2151.0,,,,,,,,,0.8,,20
c2,,,,,51.621244,-115.608378,2142.0,,,,,,,,,0.8,,20
c2,,,,,51.621244,-115.608378,2141.0,,,,,,,,,0.8,,20
c2,,,,,51.621244,-115.608378,2166.0,,,,,,,,,0.8,,20
c2,,,,,51.621244,-115.608378,2180.0,,,,,,,,,0.8,,20
c2,,,,,51.621244,-115.608378,2198.0,,,,,,,,,0.8,,20
c2,,,,,51.621244,-115.608378,2220.0,,,,,,,,,0.8,,20
c1,,,,,51.621244,-115.608378,2242.0,,,,,,,,,0.75,,20
c1,,,,,51.621244,-115.608378,2260.0,,,,,,,,,0.75,,20
o1a,,,,,51.621244,-115.608378,2275.0,,,,,,,,,0.35,60.0,20
o1a,,,,,51.621244,-115.608378,2285.0,,,,,,,,,0.35,60.0,20
o1a,,,,,51.621244,-115.608378,2284.0,,,,,,,,,0.35,60.0,20
o1a,,,,,51.621244,-115.608378,2277.0,,,,,,,,,0.35,60.0,20
o1a,,,,,51.621244,-115.608378,2268.0,,,,,,,,,0.35,60.0,20
o1a,,,,,51.621244,-115.608378,2259.0,,,,,,,,,0.35,60.0,20
o1a,,,,,51.621244,-115.608378,2241.0,,,,,,,,,0.35,60.0,20
o1a,,,,,51.621244,-115.608378,2210.0,,,,,,,,,0.35,60.0,20
c2,,,,,51.621244,-115.608378,2194.0,,,,,,,,,0.8,,20
c2,,,,,51.621244,-115.608378,2177.0,,,,,,,,,0.8,,20
c2,,,,,51.621244,-115.608378,2159.0,,,,,,,,,0.8,,20
o1a,,,,,51.621244,-115.608378,2141.0,,,,,,,,,0.35,60.0,20
c2,,,,,51.621244,-115.608378,2125.0,,,,,,,,,0.8,,20
o1a,,,,,51.621244,-115.608378,2103.0,,,,,,,,,0.35,60.0,20
c3,,,,,51.621244,-115.608378,2089.0,,,,,,,,,1.15,,20
c3,,,,,51.621244,-115.608378,2078.0,,,,,,,,,1.15,,20
c3,,,,,51.621244,-115.608378,2067.0,,,,,,,,,1.15,,20
c3,,,,,51.621244,-115.608378,2054.0,,,,,,,,,1.15,,20
o1a,,,,,51.621244,-115.608378,2036.0,,,,,,,,,0.35,60.0,20
o1a,,,,,51.621244,-115.608378,2013.0,,,,,,,,,0.35,60.0,20
o1a,,,,,51.621244,-115.608378,1985.0,,,,,,,,,0.35,60.0,20
o1a,,,,,51.621244,-115.608378,1956.0,,,,,,,,,0.35,60.0,20
c2,,,,,51.621244,-115.608378,1928.0,,,,,,,,,0.8,,20
c2,,,,,51.621244,-115.608378,1903.0,,,,,,,,,0.8,,20
c3,,,,,51.621244,-115.608378,2045.0,,,,,,,,,1.15,,20
c3,,,,,51.621244,-115.608378,1999.0,,,,,,,,,1.15,,20
c3,,,,,51.621244,-115.608378,1967.0,,,,,,,,,1.15,,20
o1a,,,,,51.621244,-115.608378,1977.0,,,,,,,,,0.35,60.0,20
c1,,,,,51.621244,-115.608378,2013.0,,,,,,,,,0.75,,20
c1,,,,,51.621244,-115.608378,2065.0,,,,,,,,,0.75,,20
nf,,,,,51.621244,-115.608378,2121.0,,,,,,,,,,,20
nf,,,,,51.621244,-115.608378,2130.0,,,,,,,,,,,20
c2,,,,,51.621244,-115.608378,2105.0,,,,,,,,,0.8,,20
o1a,,,,,51.621244,-115.608378,2137.0,,,,,,,,,0.35,60.0,20
o1a,,,,,51.621244,-115.608378,2161.0,,,,,,,,,0.35,60.0,20
c2,,,,,51.621244,-115.608378,2170.0,,,,,,,,,0.8,,20
c2,,,,,51.621244,-115.608378,2187.0,,,,,,,,,0.8,,20
c2,,,,,51.621244,-115.608378,2208.0,,,,,,,,,0.8,,20
c1,,,,,51.621244,-115.608378,2228.0,,,,,,,,,0.75,,20
c1,,,,,51.621244,-115.608378,2245.0,,,,,,,,,0.75,,20
o1a,,,,,51.621244,-115.608378,2262.0,,,,,,,,,0.35,60.0,20
o1a,,,,,51.621244,-115.608378,2278.0,,,,,,,,,0.35,60.0,20
o1a,,,,,51.621244,-115.608378,2285.0,,,,,,,,,0.35,60.0,20
o1a,,,,,51.621244,-115.608378,2279.0,,,,,,,,,0.35,60.0,20
o1a,,,,,51.621244,-115.608378,2268.0,,,,,,,,,0.35,60.0,20
o1a,,,,,51.621244,-115.608378,2261.0,,,,,,,,,0.35,60.0,20
o1a,,,,,51.621244,-115.608378,2252.0,,,,,,,,,0.35,60.0,20
o1a,,,,,51.621244,-115.608378,2224.0,,,,,,,,,0.35,60.0,20
o1a,,,,,51.621244,-115.608378,2201.0,,,,,,,,,0.35,60.0,20
c2,,,,,51.621244,-115.608378,2190.0,,,,,,,,,0.8,,20
c2,,,,,51.621244,-115.608378,2178.0,,,,,,,,,0.8,,20
c2,,,,,51.621244,-115.608378,2160.0,,,,,,,,,0.8,,20
c2,,,,,51.621244,-115.608378,2140.0,,,,,,,,,0.8,,20
c1,,,,,51.621244,-115.608378,2120.0,,,,,,,,,0.75,,20
c1,,,,,51.621244,-115.608378,2111.0,,,,,,,,,0.75,,20
c3,,,,,51.621244,-115.608378,2106.0,,,,,,,,,1.15,,20
c3,,,,,51.621244,-115.608378,2103.0,,,,,,,,,1.15,,20
c1,,,,,51.621244,-115.608378,2098.0,,,,,,,,,0.75,,20
c3,,,,,51.621244,-115.608378,2086.0,,,,,,,,,1.15,,20
c3,,,,,51.621244,-115.608378,2067.0,,,,,,,,,1.15,,20
o1a,,,,,51.621244,-115.608378,2039.0,,,,,,,,,0.35,60.0,20
o1a,,,,,51.621244,-115.608378,1996.0,,,,,,,,,0.35,60.0,20
c2,,,,,51.621244,-115.608378,1950.0,,,,,,,,,0.8,,20
c2,,,,,51.621244,-115.608378,1915.0,,,,,,,,,0.8,,20
c3,,,,,51.621244,-115.608378,2040.0,,,,,,,,,1.15,,20
c3,,,,,51.621244,-115.608378,1994.0,,,,,,,,,1.15,,20
c3,,,,,51.621244,-115.608378,1964.0,,,,,,,,,1.15,,20
c3,,,,,51.621244,-115.608378,1961.0,,,,,,,,,1.15,,20
c1,,,,,51.621244,-115.608378,1991.0,,,,,,,,,0.75,,20
c1,,,,,51.621244,-115.608378,2034.0,,,,,,,,,0.75,,20
o1a,,,,,51.621244,-115.608378,2072.0,,,,,,,,,0.35,60.0,20
o1a,,,,,51.621244,-115.608378,2072.0,,,,,,,,,0.35,60.0,20
c2,,,,,51.621244,-115.608378,2066.0,,,,,,,,,0.8,,20
c2,,,,,51.621244,-115.608378,2128.0,,,,,,,,,0.8,,20
o1a,,,,,51.621244,-115.608378,2163.0,,,,,,,,,0.35,60.0,20
o1a,,,,,51.621244,-115.608378,2164.0,,,,,,,,,0.35,60.0,20
c2,,,,,51.621244,-115.608378,2175.0,,,,,,,,,0.8,,20
c2,,,,,51.621244,-115.608378,2197.0,,,,,,,,,0.8,,20
c1,,,,,51.621244,-115.608378,2217.0,,,,,,,,,0.75,,20
c1,,,,,51.621244,-115.608378,2231.0,,,,,,,,,0.75,,20
c1,,,,,51.621244,-115.608378,2250.0,,,,,,,,,0.75,,20
o1a,,,,,51.621244,-115.608378,2268.0,,,,,,,,,0.35,60.0,20
o1a,,,,,51.621244,-115.608378,2282.0,,,,,,,,,0.35,60.0,20
o1a,,,,,51.621244,-115.608378,2281.0,,,,,,,,,0.35,60.0,20
o1a,,,,,51.621244,-115.608378,2272.0,,,,,,,,,0.35,60.0,20
o1a,,,,,51.621244,-115.608378,2262.0,,,,,,,,,0.35,60.0,20
o1a,,,,,51.621244,-115.608378,2254.0,,,,,,,,,0.35,60.0,20
o1a,,,,,51.621244,-115.608378,2241.0,,,,,,,,,0.35,60.0,20
o1a,,,,,51.621244,-115.608378,2210.0,,,,,,,,,0.35,60.0,20
c2,,,,,51.621244,-115.608378,2192.0,,,,,,,,,0.8,,20
c2,,,,,51.621244,-115.608378,2183.0,,,,,,,,,0.8,,20
c2,,,,,51.621244,-115.608378,2167.0,,,,,,,,,0.8,,20
c2,,,,,51.621244,-115.608378,2146.0,,,,,,,,,0.8,,20
c1,,,,,51.621244,-115.608378,2133.0,,,,,,,,,0.75,,20
c1,,,,,51.621244,-115.608378,2122.0,,,,,,,,,0.75,,20
c1,,,,,51.621244,-115.608378,2115.0,,,,,,,,,0.75,,20
c1,,,,,51.621244,-115.608378,2114.0,,,,,,,,,0.75,,20
c3,,,,,51.621244,-115.608378,2112.0,,,,,,,,,1.15,,20
c3,,,,,51.621244,-115.608378,2106.0,,,,,,,,,1.15,,20
c3,,,,,51.621244,-115.608378,2095.0,,,,,,,,,1.15,,20
c2,,,,,51.621244,-115.608378,2078.0,,,,,,,,,0.8,,20
c2,,,,,51.621244,-115.608378,2028.0,,,,,,,,,0.8,,20
c2,,,,,51.621244,-115.608378,1966.0,,,,,,,,,0.8,,20
c2,,,,,51.621244,-115.608378,1923.0,,,,,,,,,0.8,,20
c3,,,,,51.621244,-115.608378,2047.0,,,,,,,,,1.15,,20
c3,,,,,51.621244,-115.608378,1993.0,,,,,,,,,1.15,,20
c3,,,,,51.621244,-115.608378,1961.0,,,,,,,,,1.15,,20
c3,,,,,51.621244,-115.608378,1946.0,,,,,,,,,1.15,,20
c1,,,,,51.621244,-115.608378,1973.0,,,,,,,,,0.75,,20
c1,,,,,51.621244,-115.608378,1997.0,,,,,,,,,0.75,,20
c2,,,,,51.621244,-115.608378,2011.0,,,,,,,,,0.8,,20
o1a,,,,,51.621244,-115.608378,2014.0,,,,,,,,,0.35,60.0,20
c2,,,,,51.621244,-115.608378,2027.0,,,,,,,,,0.8,,20
c2,,,,,51.621244,-115.608378,2067.0,,,,,,,,,0.8,,20
nf,,,,,51.621244,-115.608378,2111.0,,,,,,,,,,,20
nf,,,,,51.621244,-115.608378,2142.0,,,,,,,,,,,20
nf,,,,,51.621244,-115.608378,2166.0,,,,,,,,,,,20
o1a,,,,,51.621244,-115.608378,2185.0,,,,,,,,,0.35,60.0,20
c1,,,,,51.621244,-115.608378,2208.0,,,,,,,,,0.75,,20
c1,,,,,51.621244,-115.608378,2222.0,,,,,,,,,0.75,,20
c1,,,,,51.621244,-115.608378,2240.0,,,,,,,,,0.75,,20
c1,,,,,51.621244,-115.608378,2258.0,,,,,,,,,0.75,,20
o1a,,,,,51.621244,-115.608378,2274.0,,,,,,,,,0.35,60.0,20
o1a,,,,,51.621244,-115.608378,2283.0,,,,,,,,,0.35,60.0,20
o1a,,,,,51.621244,-115.608378,2282.0,,,,,,,,,0.35,60.0,20
o1a,,,,,51.621244,-115.608378,2268.0,,,,,,,,,0.35,60.0,20
o1a,,,,,51.621244,-115.608378,2257.0,,,,,,,,,0.35,60.0,20
o1a,,,,,51.621244,-115.608378,2247.0,,,,,,,,,0.35,60.0,20
o1a,,,,,51.621244,-115.608378,2224.0,,,,,,,,,0.35,60.0,20
o1a,,,,,51.621244,-115.608378,2199.0,,,,,,,,,0.35,60.0,20
c2,,,,,51.621244,-115.608378,2188.0,,,,,,,,,0.8,,20
c2,,,,,51.621244,-115.608378,2175.0,,,,,,,,,0.8,,20
c2,,,,,51.621244,-115.608378,2153.0,,,,,,,,,0.8,,20
c2,,,,,51.621244,-115.608378,2134.0,,,,,,,,,0.8,,20
c3,,,,,51.621244,-115.608378,2121.0,,,,,,,,,1.15,,20
c3,,,,,51.621244,-115.608378,2112.0,,,,,,,,,1.15,,20
c3,,,,,51.621244,-115.608378,2107.0,,,,,,,,,1.15,,20
c2,,,,,51.621244,-115.608378,2103.0,,,,,,,,,0.8,,20
o1a,,,,,51.621244,-115.608378,2099.0,,,,,,,,,0.35,60.0,20
o1a,,,,,51.621244,-115.608378,2085.0,,,,,,,,,0.35,60.0,20
c2,,,,,51.621244,-115.608378,2076.0,,,,,,,,,0.8,,20
c2,,,,,51.621244,-115.608378,2035.0,,,,,,,,,0.8,,20
c2,,,,,51.621244,-115.608378,1977.0,,,,,,,,,0.8,,20
c2,,,,,51.621244,-115.608378,1926.0,,,,,,,,,0.8,,20
o1a,,,,,51.621244,-115.608378,2017.0,,,,,,,,,0.35,60.0,20
c3,,,,,51.621244,-115.608378,1984.0,,,,,,,,,1.15,,20
c3,,,,,51.621244,-115.608378,1959.0,,,,,,,,,1.15,,20
c3,,,,,51.621244,-115.608378,1938.0,,,,,,,,,1.15,,20
c2,,,,,51.621244,-115.608378,1957.0,,,,,,,,,0.8,,20
c2,,,,,51.621244,-115.608378,1974.0,,,,,,,,,0.8,,20
c2,,,,,51.621244,-115.608378,1989.0,,,,,,,,,0.8,,20
c2,,,,,51.621244,-115.608378,2013.0,,,,,,,,,0.8,,20
c2,,,,,51.621244,-115.608378,2045.0,,,,,,,,,0.8,,20
nf,,,,,51.621244,-115.608378,2066.0,,,,,,,,,,,20
c2,,,,,51.621244,-115.608378,2087.0,,,,,,,,,0.8,,20
c2,,,,,51.621244,-115.608378,2107.0,,,,,,,,,0.8,,20
c2,,,,,51.621244,-115.608378,2146.0,,,,,,,,,0.8,,20
c2,,,,,51.621244,-115.608378,2174.0,,,,,,,,,0.8,,20
c2,,,,,51.621244,-115.608378,2198.0,,,,,,,,,0.8,,20
c1,,,,,51.621244,-115.608378,2214.0,,,,,,,,,0.75,,20
c1,,,,,51.621244,-115.608378,2230.0,,,,,,,,,0.75,,20
c1,,,,,51.621244,-115.608378,2248.0,,,,,,,,,0.75,,20
o1a,,,,,51.621244,-115.608378,2266.0,,,,,,,,,0.35,60.0,20
o1a,,,,,51.621244,-115.608378,2282.0,,,,,,,,,0.35,60.0,20
o1a,,,,,51.621244,-115.608378,2288.0,,,,,,,,,0.35,60.0,20
o1a,,,,,51.621244,-115.608378,2279.0,,,,,,,,,0.35,60.0,20
o1a,,,,,51.621244,-115.608378,2268.0,,,,,,,,,0.35,60.0,20
o1a,,,,,51.621244,-115.608378,2248.0,,,,,,,,,0.35,60.0,20
o1a,,,,,51.621244,-115.608378,2237.0,,,,,,,,,0.35,60.0,20
o1a,,,,,51.621244,-115.608378,2209.0,,,,,,,,,0.35,60.0,20
c2,,,,,51.621244,-115.608378,2191.0,,,,,,,,,0.8,,20
c2,,,,,51.621244,-115.608378,2181.0,,,,,,,,,0.8,,20
c2,,,,,51.621244,-115.608378,2159.0,,,,,,,,,0.8,,20
c2,,,,,51.621244,-115.608378,2135.0,,,,,,,,,0.8,,20
c3,,,,,51.621244,-115.608378,2115.0,,,,,,,,,1.15,,20
c3,,,,,51.621244,-115.608378,2094.0,,,,,,,,,1.15,,20
c3,,,,,51.621244,-115.608378,2082.0,,,,,,,,,1.15,,20
c2,,,,,51.621244,-115.608378,2078.0,,,,,,,,,0.8,,20
c2,,,,,51.621244,-115.608378,2073.0,,,,,,,,,0.8,,20
c2,,,,,51.621244,-115.608378,2070.0,,,,,,,,,0.8,,20
c2,,,,,51.621244,-115.608378,2065.0,,,,,,,,,0.8,,20
c2,,,,,51.621244,-115.608378,2026.0,,,,,,,,,0.8,,20
c2,,,,,51.621244,-115.608378,1970.0,,,,,,,,,0.8,,20
c2,,,,,51.621244,-115.608378,1924.0,,,,,,,,,0.8,,20
c3,,,,,51.621244,-115.608378,1987.0,,,,,,,,,1.15,,20
c3,,,,,51.621244,-115.608378,1963.0,,,,,,,,,1.15,,20
c3,,,,,51.621244,-115.608378,1946.0,,,,,,,,,1.15,,20
c3,,,,,51.621244,-115.608378,1933.0,,,,,,,,,1.15,,20
c1,,,,,51.621244,-115.608378,1949.0,,,,,,,,,0.75,,20
c2,,,,,51.621244,-115.608378,1969.0,,,,,,,,,0.8,,20
c2,,,,,51.621244,-115.608378,1996.0,,,,,,,,,0.8,,20
c2,,,,,51.621244,-115.608378,2042.0,,,,,,,,,0.8,,20
nf,,,,,51.621244,-115.608378,2085.0,,,,,,,,,,,20
c2,,,,,51.621244,-115.608378,2106.0,,,,,,,,,0.8,,20
c2,,,,,51.621244,-115.608378,2114.0,,,,,,,,,0.8,,20
c3,,,,,51.621244,-115.608378,2117.0,,,,,,,,,1.15,,20
c2,,,,,51.621244,-115.608378,2137.0,,,,,,,,,0.8,,20
c2,,,,,51.621244,-115.608378,2167.0,,,,,,,,,0.8,,20
c2,,,,,51.621244,-115.608378,2189.0,,,,,,,,,0.8,,20
c2,,,,,51.621244,-115.608378,2207.0,,,,,,,,,0.8,,20
c2,,,,,51.621244,-115.608378,2221.0,,,,,,,,,0.8,,20
c1,,,,,51.621244,-115.608378,2241.0,,,,,,,,,0.75,,20
o1a,,,,,51.621244,-115.608378,2260.0,,,,,,,,,0.35,60.0,20
o1a,,,,,51.621244,-115.608378,2277.0,,,,,,,,,0.35,60.0,20
o1a,,,,,51.621244,-115.608378,2286.0,,,,,,,,,0.35,60.0,20
o1a,,,,,51.621244,-115.608378,2283.0,,,,,,,,,0.35,60.0,20
o1a,,,,,51.621244,-115.608378,2272.0,,,,,,,,,0.35,60.0,20
o1a,,,,,51.621244,-115.608378,2248.0,,,,,,,,,0.35,60.0,20
o1a,,,,,51.621244,-115.608378,2234.0,,,,,,,,,0.35,60.0,20
o1a,,,,,51.621244,-115.608378,2217.0,,,,,,,,,0.35,60.0,20
o1a,,,,,51.621244,-115.608378,2195.0,,,,,,,,,0.35,60.0,20
c2,,,,,51.621244,-115.608378,2181.0,,,,,,,,,0.8,,20
c2,,,,,51.621244,-115.608378,2155.0,,,,,,,,,0.8,,20
c2,,,,,51.621244,-115.608378,2125.0,,,,,,,,,0.8,,20
c2,,,,,51.621244,-115.608378,2102.0,,,,,,,,,0.8,,20
c2,,,,,51.621244,-115.608378,2082.0,,,,,,,,,0.8,,20
c3,,,,,51.621244,-115.608378,2068.0,,,,,,,,,1.15,,20
c3,,,,,51.621244,-115.608378,2054.0,,,,,,,,,1.15,,20
c2,,,,,51.621244,-115.608378,2054.0,,,,,,,,,0.8,,20
o1a,,,,,51.621244,-115.608378,2058.0,,,,,,,,,0.35,60.0,20
c2,,,,,51.621244,-115.608378,2055.0,,,,,,,,,0.8,,20
nf,,,,,51.621244,-115.608378,2010.0,,,,,,,,,,,20
c2,,,,,51.621244,-115.608378,1953.0,,,,,,,,,0.8,,20
c2,,,,,51.621244,-115.608378,1912.0,,,,,,,,,0.8,,20
o1a,,,,,51.621244,-115.608378,1961.0,,,,,,,,,0.35,60.0,20
c3,,,,,51.621244,-115.608378,1948.0,,,,,,,,,1.15,,20
c3,,,,,51.621244,-115.608378,1936.0,,,,,,,,,1.15,,20
c1,,,,,51.621244,-115.608378,1926.0,,,,,,,,,0.75,,20
c1,,,,,51.621244,-115.608378,1952.0,,,,,,,,,0.75,,20
c2,,,,,51.621244,-115.608378,1974.0,,,,,,,,,0.8,,20
c2,,,,,51.621244,-115.608378,2014.0,,,,,,,,,0.8,,20
c2,,,,,51.621244,-115.608378,2072.0,,,,,,,,,0.8,,20
c2,,,,,51.621244,-115.608378,2108.0,,,,,,,,,0.8,,20
c2,,,,,51.621244,-115.608378,2124.0,,,,,,,,,0.8,,20
c2,,,,,51.621244,-115.608378,2133.0,,,,,,,,,0.8,,20
c3,,,,,51.621244,-115.608378,2145.0,,,,,,,,,1.15,,20
c2,,,,,51.621244,-115.608378,2154.0,,,,,,,,,0.8,,20
c2,,,,,51.621244,-115.608378,2173.0,,,,,,,,,0.8,,20
c2,,,,,51.621244,-115.608378,2189.0,,,,,,,,,0.8,,20
c2,,,,,51.621244,-115.608378,2204.0,,,,,,,,,0.8,,20
c2,,,,,51.621244,-115.608378,2219.0,,,,,,,,,0.8,,20
c2,,,,,51.621244,-115.608378,2238.0,,,,,,,,,0.8,,20
c1,,,,,51.621244,-115.608378,2256.0,,,,,,,,,0.75,,20
o1a,,,,,51.621244,-115.608378,2272.0,,,,,,,,,0.35,60.0,20
o1a,,,,,51.621244,-115.608378,2280.0,,,,,,,,,0.35,60.0,20
o1a,,,,,51.621244,-115.608378,2279.0,,,,,,,,,0.35,60.0,20
o1a,,,,,51.621244,-115.608378,2268.0,,,,,,,,,0.35,60.0,20
o1a,,,,,51.621244,-115.608378,2247.0,,,,,,,,,0.35,60.0,20
o1a,,,,,51.621244,-115.608378,2231.0,,,,,,,,,0.35,60.0,20
o1a,,,,,51.621244,-115.608378,2217.0,,,,,,,,,0.35,60.0,20
o1a,,,,,51.621244,-115.608378,2198.0,,,,,,,,,0.35,60.0,20
o1a,,,,,51.621244,-115.608378,2179.0,,,,,,,,,0.35,60.0,20
c2,,,,,51.621244,-115.608378,2148.0,,,,,,,,,0.8,,20
c2,,,,,51.621244,-115.608378,2119.0,,,,,,,,,0.8,,20
c2,,,,,51.621244,-115.608378,2098.0,,,,,,,,,0.8,,20
c2,,,,,51.621244,-115.608378,2072.0,,,,,,,,,0.8,,20
c3,,,,,51.621244,-115.608378,2036.0,,,,,,,,,1.15,,20
nf,,,,,51.621244,-115.608378,2013.0,,,,,,,,,,,20
c2,,,,,51.621244,-115.608378,2021.0,,,,,,,,,0.8,,20
c2,,,,,51.621244,-115.608378,2032.0,,,,,,,,,0.8,,20
c2,,,,,51.621244,-115.608378,2020.0,,,,,,,,,0.8,,20
nf,,,,,51.621244,-115.608378,1978.0,,,,,,,,,,,20
c2,,,,,51.621244,-115.608378,1933.0,,,,,,,,,0.8,,20
c2,,,,,51.621244,-115.608378,1901.0,,,,,,,,,0.8,,20
o1a,,,,,51.621244,-115.608378,1945.0,,,,,,,,,0.35,60.0,20
c3,,,,,51.621244,-115.608378,1933.0,,,,,,,,,1.15,,20
c1,,,,,51.621244,-115.608378,1923.0,,,,,,,,,0.75,,20
c1,,,,,51.621244,-115.608378,1933.0,,,,,,,,,0.75,,20
c2,,,,,51.621244,-115.608378,1961.0,,,,,,,,,0.8,,20
c2,,,,,51.621244,-115.608378,1988.0,,,,,,,,,0.8,,20
c2,,,,,51.621244,-115.608378,2033.0,,,,,,,,,0.8,,20
c2,,,,,51.621244,-115.608378,2090.0,,,,,,,,,0.8,,20
c2,,,,,51.621244,-115.608378,2122.0,,,,,,,,,0.8,,20
c2,,,,,51.621244,-115.608378,2132.0,,,,,,,,,0.8,,20
c2,,,,,51.621244,-115.608378,2147.0,,,,,,,,,0.8,,20
c2,,,,,51.621244,-115.608378,2163.0,,,,,,,,,0.8,,20
c2,,,,,51.621244,-115.608378,2172.0,,,,,,,,,0.8,,20
c1,,,,,51.621244,-115.608378,2182.0,,,,,,,,,0.75,,20
c1,,,,,51.621244,-115.608378,2193.0,,,,,,,,,0.75,,20
c1,,,,,51.621244,-115.608378,2203.0,,,,,,,,,0.75,,20
o1a,,,,,51.621244,-115.608378,2218.0,,,,,,,,,0.35,60.0,20
c1,,,,,51.621244,-115.608378,2234.0,,,,,,,,,0.75,,20
o1a,,,,,51.621244,-115.608378,2252.0,,,,,,,,,0.35,60.0,20
o1a,,,,,51.621244,-115.608378,2265.0,,,,,,,,,0.35,60.0,20
o1a,,,,,51.621244,-115.608378,2273.0,,,,,,,,,0.35,60.0,20
o1a,,,,,51.621244,-115.608378,2271.0,,,,,,,,,0.35,60.0,20
o1a,,,,,51.621244,-115.608378,2260.0,,,,,,,,,0.35,60.0,20
o1a,,,,,51.621244,-115.608378,2244.0,,,,,,,,,0.35,60.0,20
o1a,,,,,51.621244,-115.608378,2231.0,,,,,,,,,0.35,60.0,20
o1a,,,,,51.621244,-115.608378,2220.0,,,,,,,,,0.35,60.0,20
c1,,,,,51.621244,-115.608378,2203.0,,,,,,,,,0.75,,20
o1a,,,,,51.621244,-115.608378,2176.0,,,,,,,,,0.35,60.0,20
c2,,,,,51.621244,-115.608378,2144.0,,,,,,,,,0.8,,20
c2,,,,,51.621244,-115.608378,2123.0,,,,,,,,,0.8,,20
c2,,,,,51.621244,-115.608378,2103.0,,,,,,,,,0.8,,20
c2,,,,,51.621244,-115.608378,2081.0,,,,,,,,,0.8,,20
c2,,,,,51.621244,-115.608378,2054.0,,,,,,,,,0.8,,20
c3,,,,,51.621244,-115.608378,2011.0,,,,,,,,,1.15,,20
c3,,,,,51.621244,-115.608378,1974.0,,,,,,,,,1.15,,20
c2,,,,,51.621244,-115.608378,1984.0,,,,,,,,,0.8,,20
c2,,,,,51.621244,-115.608378,1971.0,,,,,,,,,0.8,,20
c2,,,,,51.621244,-115.608378,1936.0,,,,,,,,,0.8,,20
c2,,,,,51.621244,-115.608378,1902.0,,,,,,,,,0.8,,20
c2,,,,,51.621244,-115.608378,1887.0,,,,,,,,,0.8,,20
c3,,,,,51.621244,-115.608378,1927.0,,,,,,,,,1.15,,20
o1a,,,,,51.621244,-115.608378,1918.0,,,,,,,,,0.35,60.0,20
c1,,,,,51.621244,-115.608378,1919.0,,,,,,,,,0.75,,20
c1,,,,,51.621244,-115.608378,1940.0,,,,,,,,,0.75,,20
c2,,,,,51.621244,-115.608378,1964.0,,,,,,,,,0.8,,20
c2,,,,,51.621244,-115.608378,1994.0,,,,,,,,,0.8,,20
c2,,,,,51.621244,-115.608378,2040.0,,,,,,,,,0.8,,20
c2,,,,,51.621244,-115.608378,2096.0,,,,,,,,,0.8,,20
c3,,,,,51.621244,-115.608378,2132.0,,,,,,,,,1.15,,20
c2,,,,,51.621244,-115.608378,2143.0,,,,,,,,,0.8,,20
c2,,,,,51.621244,-115.608378,2153.0,,,,,,,,,0.8,,20
c2,,,,,51.621244,-115.608378,2165.0,,,,,,,,,0.8,,20
c2,,,,,51.621244,-115.608378,2171.0,,,,,,,,,0.8,,20
c1,,,,,51.621244,-115.608378,2178.0,,,,,,,,,0.75,,20
c1,,,,,51.621244,-115.608378,2185.0,,,,,,,,,0.75,,20
c2,,,,,51.621244,-115.608378,2196.0,,,,,,,,,0.8,,20
o1a,,,,,51.621244,-115.608378,2211.0,,,,,,,,,0.35,60.0,20
o1a,,,,,51.621244,-115.608378,2227.0,,,,,,,,,0.35,60.0,20
o1a,,,,,51.621244,-115.608378,2244.0,,,,,,,,,0.35,60.0,20
o1a,,,,,51.621244,-115.608378,2256.0,,,,,,,,,0.35,60.0,20
o1a,,,,,51.621244,-115.608378,2263.0,,,,,,,,,0.35,60.0,20
o1a,,,,,51.621244,-115.608378,2261.0,,,,,,,,,0.35,60.0,20
o1a,,,,,51.621244,-115.608378,2251.0,,,,,,,,,0.35,60.0,20
o1a,,,,,51.621244,-115.608378,2239.0,,,,,,,,,0.35,60.0,20
o1a,,,,,51.621244,-115.608378,2231.0,,,,,,,,,0.35,60.0,20
o1a,,,,,51.621244,-115.608378,2221.0,,,,,,,,,0.35,60.0,20
c1,,,,,51.621244,-115.608378,2204.0,,,,,,,,,0.75,,20
o1a,,,,,51.621244,-115.608378,2173.0,,,,,,,,,0.35,60.0,20
c2,,,,,51.621244,-115.608378,2145.0,,,,,,,,,0.8,,20
c2,,,,,51.621244,-115.608378,2130.0,,,,,,,,,0.8,,20
c2,,,,,51.621244,-115.608378,2110.0,,,,,,,,,0.8,,20
c3,,,,,51.621244,-115.608378,2086.0,,,,,,,,,1.15,,20
c2,,,,,51.621244,-115.608378,2055.0,,,,,,,,,0.8,,20
nf,,,,,51.621244,-115.608378,2013.0,,,,,,,,,,,20
c3,,,,,51.621244,-115.608378,1966.0,,,,,,,,,1.15,,20
c2,,,,,51.621244,-115.608378,1939.0,,,,,,,,,0.8,,20
c2,,,,,51.621244,-115.608378,1934.0,,,,,,,,,0.8,,20
c2,,,,,51.621244,-115.608378,1912.0,,,,,,,,,0.8,,20
c2,,,,,51.621244,-115.608378,1887.0,,,,,,,,,0.8,,20
c2,,,,,51.621244,-115.608378,1872.0,,,,,,,,,0.8,,20
c3,,,,,51.621244,-115.608378,1910.0,,,,,,,,,1.15,,20
o1a,,,,,51.621244,-115.608378,1909.0,,,,,,,,,0.35,60.0,20
c2,,,,,51.621244,-115.608378,1927.0,,,,,,,,,0.8,,20
c3,,,,,51.621244,-115.608378,1947.0,,,,,,,,,1.15,,20
c2,,,,,51.621244,-115.608378,1969.0,,,,,,,,,0.8,,20
c2,,,,,51.621244,-115.608378,1998.0,,,,,,,,,0.8,,20
c2,,,,,51.621244,-115.608378,2045.0,,,,,,,,,0.8,,20
c2,,,,,51.621244,-115.608378,2099.0,,,,,,,,,0.8,,20
c3,,,,,51.621244,-115.608378,2134.0,,,,,,,,,1.15,,20
c2,,,,,51.621244,-115.608378,2146.0,,,,,,,,,0.8,,20
c2,,,,,51.621244,-115.608378,2149.0,,,,,,,,,0.8,,20
c3,,,,,51.621244,-115.608378,2154.0,,,,,,,,,1.15,,20
c2,,,,,51.621244,-115.608378,2157.0,,,,,,,,,0.8,,20
c2,,,,,51.621244,-115.608378,2163.0,,,,,,,,,0.8,,20
c2,,,,,51.621244,-115.608378,2170.0,,,,,,,,,0.8,,20
c1,,,,,51.621244,-115.608378,2181.0,,,,,,,,,0.75,,20
c1,,,,,51.621244,-115.608378,2200.0,,,,,,,,,0.75,,20
o1a,,,,,51.621244,-115.608378,2223.0,,,,,,,,,0.35,60.0,20
o1a,,,,,51.621244,-115.608378,2238.0,,,,,,,,,0.35,60.0,20
o1a,,,,,51.621244,-115.608378,2244.0,,,,,,,,,0.35,60.0,20
c2,,,,,51.621244,-115.608378,2249.0,,,,,,,,,0.8,,20
c2,,,,,51.621244,-115.608378,2249.0,,,,,,,,,0.8,,20
o1a,,,,,51.621244,-115.608378,2241.0,,,,,,,,,0.35,60.0,20
o1a,,,,,51.621244,-115.608378,2232.0,,,,,,,,,0.35,60.0,20
c1,,,,,51.621244,-115.608378,2229.0,,,,,,,,,0.75,,20
o1a,,,,,51.621244,-115.608378,2223.0,,,,,,,,,0.35,60.0,20
c1,,,,,51.621244,-115.608378,2207.0,,,,,,,,,0.75,,20
nf,,,,,51.621244,-115.608378,2172.0,,,,,,,,,,,20
c2,,,,,51.621244,-115.608378,2143.0,,,,,,,,,0.8,,20
c2,,,,,51.621244,-115.608378,2134.0,,,,,,,,,0.8,,20
nf,,,,,51.621244,-115.608378,2112.0,,,,,,,,,,,20
nf,,,,,51.621244,-115.608378,2082.0,,,,,,,,,,,20
nf,,,,,51.621244,-115.608378,2041.0,,,,,,,,,,,20
c3,,,,,51.621244,-115.608378,1996.0,,,,,,,,,1.15,,20
c3,,,,,51.621244,-115.608378,1950.0,,,,,,,,,1.15,,20
c3,,,,,51.621244,-115.608378,1917.0,,,,,,,,,1.15,,20
c2,,,,,51.621244,-115.608378,1905.0,,,,,,,,,0.8,,20
c2,,,,,51.621244,-115.608378,1893.0,,,,,,,,,0.8,,20
c2,,,,,51.621244,-115.608378,1876.0,,,,,,,,,0.8,,20
c2,,,,,51.621244,-115.608378,1861.0,,,,,,,,,0.8,,20
c1,,,,,51.621244,-115.608378,1898.0,,,,,,,,,0.75,,20
c1,,,,,51.621244,-115.608378,1913.0,,,,,,,,,0.75,,20
c2,,,,,51.621244,-115.608378,1929.0,,,,,,,,,0.8,,20
c1,,,,,51.621244,-115.608378,1948.0,,,,,,,,,0.75,,20
c1,,,,,51.621244,-115.608378,1969.0,,,,,,,,,0.75,,20
c2,,,,,51.621244,-115.608378,1997.0,,,,,,,,,0.8,,20
c2,,,,,51.621244,-115.608378,2042.0,,,,,,,,,0.8,,20
c3,,,,,51.621244,-115.608378,2092.0,,,,,,,,,1.15,,20
c2,,,,,51.621244,-115.608378,2121.0,,,,,,,,,0.8,,20
c3,,,,,51.621244,-115.608378,2131.0,,,,,,,,,1.15,,20
c3,,,,,51.621244,-115.608378,2136.0,,,,,,,,,1.15,,20
c2,,,,,51.621244,-115.608378,2139.0,,,,,,,,,0.8,,20
c3,,,,,51.621244,-115.608378,2143.0,,,,,,,,,1.15,,20
c2,,,,,51.621244,-115.608378,2149.0,,,,,,,,,0.8,,20
c2,,,,,51.621244,-115.608378,2156.0,,,,,,,,,0.8,,20
c1,,,,,51.621244,-115.608378,2168.0,,,,,,,,,0.75,,20
c2,,,,,51.621244,-115.608378,2194.0,,,,,,,,,0.8,,20
o1a,,,,,51.621244,-115.608378,2226.0,,,,,,,,,0.35,60.0,20
o1a,,,,,51.621244,-115.608378,2238.0,,,,,,,,,0.35,60.0,20
o1a,,,,,51.621244,-115.608378,2230.0,,,,,,,,,0.35,60.0,20
c2,,,,,51.621244,-115.608378,2231.0,,,,,,,,,0.8,,20
c2,,,,,51.621244,-115.608378,2232.0,,,,,,,,,0.8,,20
c2,,,,,51.621244,-115.608378,2223.0,,,,,,,,,0.8,,20
o1a,,,,,51.621244,-115.608378,2222.0,,,,,,,,,0.35,60.0,20
c1,,,,,51.621244,-115.608378,2224.0,,,,,,,,,0.75,,20
o1a,,,,,51.621244,-115.608378,2216.0,,,,,,,,,0.35,60.0,20
nf,,,,,51.621244,-115.608378,2196.0,,,,,,,,,,,20
nf,,,,,51.621244,-115.608378,2163.0,,,,,,,,,,,20
c3,,,,,51.621244,-115.608378,2139.0,,,,,,,,,1.15,,20
nf,,,,,51.621244,-115.608378,2124.0,,,,,,,,,,,20
c3,,,,,51.621244,-115.608378,2092.0,,,,,,,,,1.15,,20
c3,,,,,51.621244,-115.608378,2052.0,,,,,,,,,1.15,,20
c3,,,,,51.621244,-115.608378,2015.0,,,,,,,,,1.15,,20
c3,,,,,51.621244,-115.608378,1974.0,,,,,,,,,1.15,,20
c3,,,,,51.621244,-115.608378,1933.0,,,,,,,,,1.15,,20
c2,,,,,51.621244,-115.608378,1909.0,,,,,,,,,0.8,,20
c2,,,,,51.621244,-115.608378,1897.0,,,,,,,,,0.8,,20
c2,,,,,51.621244,-115.608378,1880.0,,,,,,,,,0.8,,20
c2,,,,,51.621244,-115.608378,1874.0,,,,,,,,,0.8,,20
c2,,,,,51.621244,-115.608378,1876.0,,,,,,,,,0.8,,20
c2,,,,,51.621244,-115.608378,1914.0,,,,,,,,,0.8,,20
c2,,,,,51.621244,-115.608378,1923.0,,,,,,,,,0.8,,20
c2,,,,,51.621244,-115.608378,1932.0,,,,,,,,,0.8,,20
c2,,,,,51.621244,-115.608378,1942.0,,,,,,,,,0.8,,20
c2,,,,,51.621244,-115.608378,1961.0,,,,,,,,,0.8,,20
c3,,,,,51.621244,-115.608378,1990.0,,,,,,,,,1.15,,20
c3,,,,,51.621244,-115.608378,2024.0,,,,,,,,,1.15,,20
c3,,,,,51.621244,-115.608378,2067.0,,,,,,,,,1.15,,20
c3,,,,,51.621244,-115.608378,2104.0,,,,,,,,,1.15,,20
c3,,,,,51.621244,-115.608378,2114.0,,,,,,,,,1.15,,20
c3,,,,,51.621244,-115.608378,2116.0,,,,,,,,,1.15,,20
c2,,,,,51.621244,-115.608378,2121.0,,,,,,,,,0.8,,20
c2,,,,,51.621244,-115.608378,2126.0,,,,,,,,,0.8,,20
c3,,,,,51.621244,-115.608378,2133.0,,,,,,,,,1.15,,20
o1a,,,,,51.621244,-115.608378,2145.0,,,,,,,,,0.35,60.0,20
c2,,,,,51.621244,-115.608378,2163.0,,,,,,,,,0.8,,20
c2,,,,,51.621244,-115.608378,2194.0,,,,,,,,,0.8,,20
o1a,,,,,51.621244,-115.608378,2230.0,,,,,,,,,0.35,60.0,20
o1a,,,,,51.621244,-115.608378,2238.0,,,,,,,,,0.35,60.0,20
o1a,,,,,51.621244,-115.608378,2217.0,,,,,,,,,0.35,60.0,20
c2,,,,,51.621244,-115.608378,2212.0,,,,,,,,,0.8,,20
c2,,,,,51.621244,-115.608378,2210.0,,,,,,,,,0.8,,20
c2,,,,,51.621244,-115.608378,2202.0,,,,,,,,,0.8,,20
c1,,,,,51.621244,-115.608378,2205.0,,,,,,,,,0.75,,20
c1,,,,,51.621244,-115.608378,2201.0,,,,,,,,,0.75,,20
nf,,,,,51.621244,-115.608378,2172.0,,,,,,,,,,,20
c2,,,,,51.621244,-115.608378,2139.0,,,,,,,,,0.8,,20
o1a,,,,,51.621244,-115.608378,2117.0,,,,,,,,,0.35,60.0,20
c3,,,,,51.621244,-115.608378,2093.0,,,,,,,,,1.15,,20
c3,,,,,51.621244,-115.608378,2058.0,,,,,,,,,1.15,,20
c3,,,,,51.621244,-115.608378,2023.0,,,,,,,,,1.15,,20
c3,,,,,51.621244,-115.608378,1994.0,,,,,,,,,1.15,,20
c2,,,,,51.621244,-115.608378,1972.0,,,,,,,,,0.8,,20
c2,,,,,51.621244,-115.608378,1947.0,,,,,,,,,0.8,,20
c2,,,,,51.621244,-115.608378,1923.0,,,,,,,,,0.8,,20
c2,,,,,51.621244,-115.608378,1905.0,,,,,,,,,0.8,,20
c2,,,,,51.621244,-115.608378,1893.0,,,,,,,,,0.8,,20
c2,,,,,51.621244,-115.608378,1893.0,,,,,,,,,0.8,,20
c2,,,,,51.621244,-115.608378,1893.0,,,,,,,,,0.8,,20
c2,,,,,51.621244,-115.608378,1893.0,,,,,,,,,0.8,,20
c2,,,,,51.621244,-115.608378,1930.0,,,,,,,,,0.8,,20
c2,,,,,51.621244,-115.608378,1941.0,,,,,,,,,0.8,,20
c2,,,,,51.621244,-115.608378,1951.0,,,,,,,,,0.8,,20
c2,,,,,51.621244,-115.608378,1953.0,,,,,,,,,0.8,,20
c3,,,,,51.621244,-115.608378,1958.0,,,,,,,,,1.15,,20
c1,,,,,51.621244,-115.608378,1974.0,,,,,,,,,0.75,,20
c3,,,,,51.621244,-115.608378,1995.0,,,,,,,,,1.15,,20
c1,,,,,51.621244,-115.608378,2022.0,,,,,,,,,0.75,,20
c1,,,,,51.621244,-115.608378,2043.0,,,,,,,,,0.75,,20
nf,,,,,51.621244,-115.608378,2063.0,,,,,,,,,,,20
nf,,,,,51.621244,-115.608378,2080.0,,,,,,,,,,,20
nf,,,,,51.621244,-115.608378,2094.0,,,,,,,,,,,20
o1a,,,,,51.621244,-115.608378,2112.0,,,,,,,,,0.35,60.0,20
o1a,,,,,51.621244,-115.608378,2127.0,,,,,,,,,0.35,60.0,20
o1a,,,,,51.621244,-115.608378,2142.0,,,,,,,,,0.35,60.0,20
c1,,,,,51.621244,-115.608378,2164.0,,,,,,,,,0.75,,20
c1,,,,,51.621244,-115.608378,2198.0,,,,,,,,,0.75,,20
o1a,,,,,51.621244,-115.608378,2230.0,,,,,,,,,0.35,60.0,20
o1a,,,,,51.621244,-115.608378,2231.0,,,,,,,,,0.35,60.0,20
o1a,,,,,51.621244,-115.608378,2203.0,,,,,,,,,0.35,60.0,20
c2,,,,,51.621244,-115.608378,2193.0,,,,,,,,,0.8,,20
o1a,,,,,51.621244,-115.608378,2193.0,,,,,,,,,0.35,60.0,20
o1a,,,,,51.621244,-115.608378,2186.0,,,,,,,,,0.35,60.0,20
o1a,,,,,51.621244,-115.608378,2180.0,,,,,,,,,0.35,60.0,20
o1a,,,,,51.621244,-115.608378,2155.0,,,,,,,,,0.35,60.0,20
c2,,,,,51.621244,-115.608378,2118.0,,,,,,,,,0.8,,20
c2,,,,,51.621244,-115.608378,2089.0,,,,,,,,,0.8,,20
o1a,,,,,51.621244,-115.608378,2066.0,,,,,,,,,0.35,60.0,20
c2,,,,,51.621244,-115.608378,2039.0,,,,,,,,,0.8,,20
c3,,,,,51.621244,-115.608378,2010.0,,,,,,,,,1.15,,20
c2,,,,,51.621244,-115.608378,1985.0,,,,,,,,,0.8,,20
c2,,,,,51.621244,-115.608378,1960.0,,,,,,,,,0.8,,20
c2,,,,,51.621244,-115.608378,1943.0,,,,,,,,,0.8,,20
c2,,,,,51.621244,-115.608378,1931.0,,,,,,,,,0.8,,20
c2,,,,,51.621244,-115.608378,1918.0,,,,,,,,,0.8,,20
c2,,,,,51.621244,-115.608378,1915.0,,,,,,,,,0.8,,20
c2,,,,,51.621244,-115.608378,1917.0,,,,,,,,,0.8,,20
c2,,,,,51.621244,-115.608378,1917.0,,,,,,,,,0.8,,20
c2,,,,,51.621244,-115.608378,1913.0,,,,,,,,,0.8,,20
c2,,,,,51.621244,-115.608378,1907.0,,,,,,,,,0.8,,20
